0 1.0 2.0
1 0.6 1.0
2 0.8 2.0
3 1.4 3.0
4 0.9 4.0
5 1.3 3.0
6 0.7 2.0
7 0.5 3.0
8 0.9 4.0
9 1.7 6.0
10 1.0 3.0
11 1.2 3.0
12 1.1 2.0
13 1.3 5.0
14 1.0 3.0
15 1.8 4.0
16 0.7 2.0
17 1.1 3.0
18 1.5 3.0
19 1.3 4.0
20 1.0 3.0
21 1.6 6.0
22 2.2 7.0
23 1.3 3.0
24 1.8 4.0
25 0.2 2.0
26 1.0 3.0
27 1.3 3.0
28 2.1 7.0
29 1.8 3.0
30 1.6 6.0
31 0.6 2.0
32 0.8 4.0
33 1.2 3.0
34 0.8 2.0
35 1.5 5.0
36 1.7 5.0
37 2.6 8.0
38 1.1 6.0
39 2.3 5.0
40 2.5 6.0
41 1.1 2.0
42 1.4 3.0
43 2.1 4.0
44 2.3 4.0
45 2.3 9.0
46 1.1 3.0
47 2.0 5.0
48 1.9 4.0
49 1.9 5.0
50 3.0 5.0
51 3.5 11.0
52 2.3 6.0
53 1.3 4.0
54 1.4 4.0
55 1.7 3.0
56 1.0 3.0
57 1.6 3.0
58 1.5 4.0
59 1.4 5.0
60 1.0 4.0
61 1.4 5.0
62 1.5 4.0
63 1.5 4.0
64 0.8 5.0
65 0.5 2.0
66 0.5 3.0
67 1.3 3.0
68 1.1 3.0
69 0.7 2.0
70 1.6 5.0
71 1.1 2.0
72 1.9 4.0
73 2.0 3.0
74 1.6 3.0
75 1.1 4.0
76 1.3 3.0
77 1.6 3.0
78 1.6 7.0
79 1.4 5.0
80 1.4 3.0
81 0.7 4.0
82 1.4 7.0
83 1.6 4.0
84 1.0 3.0
85 0.4 2.0
86 0.8 3.0
87 0.3 1.0
88 0.9 3.0
89 0.9 4.0
90 0.6 2.0
91 0.9 2.0
92 0.8 2.0
93 0.5 2.0
94 0.3 2.0
95 0.6 2.0
96 0.4 1.0
97 1.6 4.0
98 1.3 5.0
99 0.4 2.0
100 1.3 3.0
101 0.9 3.0
102 1.0 4.0
103 0.6 2.0
104 0.9 3.0
105 0.4 1.0
106 0.3 2.0
107 0.6 3.0
108 0.0 0.0
109 1.1 3.0
110 2.2 5.0
111 2.5 5.0
112 1.4 3.0
113 1.5 5.0
114 1.6 3.0
115 3.1 7.0
116 1.8 4.0
117 1.6 3.0
118 2.5 7.0
119 1.3 2.0
120 2.5 6.0
121 1.3 4.0
122 2.3 5.0
123 1.7 3.0
124 1.6 4.0
125 1.0 4.0
126 0.9 4.0
127 0.6 2.0
128 1.2 3.0
129 1.0 3.0
130 1.3 3.0
131 1.0 4.0
132 1.5 3.0
133 1.3 5.0
134 0.6 2.0
135 0.3 2.0
136 0.7 3.0
137 0.2 1.0
138 0.1 1.0
139 1.1 5.0
140 0.6 1.0
141 0.7 2.0
142 0.7 2.0
143 0.7 2.0
144 0.8 3.0
145 1.6 4.0
146 1.9 4.0
147 1.0 3.0
148 0.9 3.0
149 1.3 6.0
150 0.7 3.0
151 1.9 5.0
152 0.8 3.0
153 1.8 3.0
154 1.2 2.0
155 1.5 4.0
156 1.1 3.0
157 5.2 11.0
158 5.3 11.0
159 6.2 16.0
160 6.8 12.0
161 5.3 7.0
162 5.7 10.0
163 7.2 11.0
164 9.9 12.0
165 7.1 11.0
166 8.2 11.0
167 8.0 12.0
168 7.4 11.0
169 8.1 12.0
170 7.0 12.0
171 6.8 11.0
172 6.2 11.0
173 5.7 10.0
174 5.7 12.0
175 6.1 11.0
176 8.3 12.0
177 8.1 12.0
178 10.2 23.0
179 8.4 21.0
180 11.6 23.0
181 11.5 19.0
182 13.2 22.0
183 13.5 19.0
184 13.7 27.0
185 11.1 19.0
186 7.9 15.0
187 9.4 15.0
188 9.4 14.0
189 10.6 19.0
190 10.3 13.0
191 8.9 14.0
192 9.6 14.0
193 11.2 21.0
194 11.8 16.0
195 16.1 24.0
196 13.7 27.0
197 18.0 27.0
198 16.5 25.0
199 16.9 29.0
200 19.9 25.0
201 14.7 23.0
202 16.1 21.0
203 18.9 33.0
204 18.0 24.0
205 21.5 28.0
206 19.6 24.0
207 19.7 28.0
208 20.4 25.0
209 21.6 26.0
210 20.0 31.0
211 26.6 35.0
212 18.2 25.0
213 24.4 37.0
214 22.9 29.0
215 22.4 33.0
216 20.7 33.0
217 21.8 30.0
218 22.7 31.0
219 22.0 40.0
220 25.6 33.0
221 24.6 39.0
222 26.5 38.0
223 27.6 36.0
224 27.0 46.0
225 28.8 41.0
226 21.8 31.0
227 31.9 50.0
228 29.4 39.0
229 30.9 51.0
230 25.3 35.0
231 25.8 39.0
232 24.1 34.0
233 31.2 49.0
234 29.9 42.0
235 32.5 47.0
236 25.3 37.0
237 24.4 30.0
238 29.0 40.0
239 27.1 36.0
240 27.3 36.0
241 27.5 39.0
242 28.0 36.0
243 33.4 52.0
244 29.7 41.0
245 28.3 34.0
246 29.0 46.0
247 17.4 29.0
248 18.1 29.0
249 22.0 36.0
250 21.5 37.0
251 27.4 41.0
252 27.4 43.0
253 30.1 48.0
254 26.6 43.0
255 26.1 48.0
256 31.5 46.0
257 24.9 37.0
258 32.0 48.0
259 32.1 47.0
260 33.1 42.0
261 30.8 40.0
262 28.7 47.0
263 36.7 44.0
264 31.9 42.0
265 35.9 48.0
266 37.3 65.0
267 33.0 42.0
268 35.2 45.0
269 28.6 65.0
270 32.2 47.0
271 33.5 52.0
272 33.6 51.0
273 33.0 47.0
274 37.5 56.0
275 31.6 46.0
276 39.9 60.0
277 28.2 43.0
278 38.2 49.0
279 34.7 55.0
280 37.8 52.0
281 42.9 65.0
282 35.7 58.0
283 28.7 45.0
284 37.6 56.0
285 39.6 65.0
286 37.2 56.0
287 37.2 52.0
288 27.4 40.0
289 33.7 46.0
290 39.6 55.0
291 34.3 49.0
292 38.6 74.0
293 31.8 46.0
294 33.3 60.0
295 29.9 58.0
296 29.8 48.0
297 37.8 50.0
298 42.4 71.0
299 33.8 43.0
300 39.5 67.0
301 35.2 58.0
302 40.6 65.0
303 34.4 47.0
304 37.9 59.0
305 37.3 63.0
306 42.5 66.0
307 34.0 49.0
308 36.4 66.0
309 37.8 53.0
310 32.2 45.0
311 38.5 59.0
312 46.4 71.0
313 39.2 73.0
314 40.6 58.0
315 62.6 210.0
316 43.1 64.0
317 39.0 76.0
318 46.9 70.0
319 38.3 59.0
320 35.3 57.0
321 40.7 64.0
322 35.8 61.0
323 45.2 60.0
324 41.3 68.0
325 38.4 55.0
326 41.2 52.0
327 48.3 84.0
328 51.4 93.0
329 37.5 68.0
330 39.6 74.0
331 39.8 80.0
332 43.0 60.0
333 55.5 72.0
334 41.8 69.0
335 50.3 75.0
336 56.0 100.0
337 55.9 159.0
338 50.2 85.0
339 79.6 167.0
340 59.9 75.0
341 48.2 178.0
342 51.8 97.0
343 57.8 71.0
344 58.0 211.0
345 27.1 55.0
346 41.9 81.0
347 37.9 103.0
348 58.2 189.0
349 48.8 87.0
350 45.7 71.0
351 34.4 67.0
352 42.2 62.0
353 48.3 83.0
354 54.4 82.0
355 37.4 58.0
356 52.1 172.0
357 43.0 68.0
358 50.9 84.0
359 44.2 54.0
360 50.3 121.0
361 48.2 100.0
362 36.1 86.0
363 75.0 177.0
364 61.9 211.0
365 70.0 158.0
366 50.7 81.0
367 62.7 118.0
368 61.2 167.0
369 54.4 113.0
370 58.7 175.0
371 63.5 171.0
372 58.1 87.0
373 53.2 78.0
374 63.0 105.0
375 70.4 250.0
376 49.5 82.0
377 49.3 80.0
378 67.2 256.0
379 56.2 98.0
380 70.5 189.0
381 72.4 354.0
382 44.5 91.0
383 66.9 87.0
384 53.0 107.0
385 82.5 161.0
386 63.1 155.0
387 57.4 108.0
388 49.7 79.0
389 53.4 106.0
390 60.8 85.0
391 48.3 78.0
392 49.7 78.0
393 47.8 107.0
394 39.6 86.0
395 57.8 114.0
396 42.3 81.0
397 45.6 113.0
398 56.6 103.0
399 54.2 106.0
400 72.1 160.0
401 75.4 143.0
402 51.2 86.0
403 75.0 212.0
404 72.4 229.0
405 58.6 215.0
406 50.1 85.0
407 53.9 109.0
408 87.5 321.0
409 38.1 90.0
410 99.4 345.0
411 68.9 250.0
412 66.0 217.0
413 63.5 213.0
414 74.0 205.0
415 99.2 242.0
416 59.3 100.0
417 59.4 91.0
418 50.8 96.0
419 42.8 76.0
420 61.7 132.0
421 66.7 146.0
422 64.5 145.0
423 53.2 93.0
424 70.2 207.0
425 95.5 224.0
426 74.6 194.0
427 59.3 110.0
428 78.6 216.0
429 67.8 105.0
430 61.0 84.0
431 72.8 126.0
432 81.7 104.0
433 70.3 103.0
434 53.4 82.0
435 52.0 101.0
436 67.4 212.0
437 67.6 95.0
438 86.9 302.0
439 74.8 188.0
440 65.6 110.0
441 80.4 202.0
442 101.0 250.0
443 139.7 285.0
444 64.1 98.0
445 87.6 208.0
446 86.6 198.0
447 69.9 207.0
448 91.1 223.0
449 64.4 164.0
450 47.4 111.0
451 93.2 207.0
452 70.8 189.0
453 84.7 175.0
454 90.6 311.0
455 58.8 107.0
456 54.7 113.0
457 73.5 160.0
458 48.0 91.0
459 50.8 214.0
460 64.5 132.0
461 95.7 201.0
462 59.2 108.0
463 59.2 128.0
464 46.0 95.0
465 63.5 120.0
466 68.5 133.0
467 81.5 163.0
468 63.7 114.0
469 54.9 117.0
470 65.0 187.0
471 93.0 307.0
472 90.3 214.0
473 69.3 252.0
474 119.5 298.0
475 80.5 218.0
476 57.3 116.0
477 38.0 76.0
478 53.7 104.0
479 57.2 175.0
480 70.1 104.0
481 82.1 131.0
482 88.5 190.0
483 71.5 265.0
484 42.8 77.0
485 48.3 91.0
486 71.2 160.0
487 52.4 93.0
488 88.4 292.0
489 99.1 329.0
490 76.7 261.0
491 111.2 264.0
492 85.9 163.0
493 123.8 304.0
494 67.5 220.0
495 97.9 219.0
496 57.5 125.0
497 85.6 121.0
498 70.3 140.0
499 81.0 141.0
500 114.7 350.0
501 80.4 161.0
502 77.6 122.0
503 113.3 285.0
504 88.8 210.0
505 101.0 281.0
506 115.1 297.0
507 157.9 330.0
508 144.8 286.0
509 126.8 267.0
510 110.2 289.0
511 75.7 245.0
512 62.4 120.0
513 99.2 216.0
514 59.6 172.0
515 76.1 187.0
516 92.8 215.0
517 60.0 121.0
518 80.5 152.0
519 97.7 223.0
520 100.5 222.0
521 86.5 249.0
522 90.3 193.0
523 114.9 178.0
524 108.9 239.0
525 108.0 259.0
526 81.7 171.0
527 103.2 208.0
528 127.6 246.0
529 128.4 303.0
530 95.8 213.0
531 89.5 299.0
532 78.6 147.0
533 60.2 127.0
534 134.0 278.0
535 77.8 228.0
536 96.6 260.0
537 118.6 261.0
538 93.1 232.0
539 66.5 112.0
540 95.1 254.0
541 104.5 208.0
542 112.3 252.0
543 141.9 371.0
544 134.3 266.0
545 94.4 215.0
546 124.8 308.0
547 98.5 184.0
548 119.2 209.0
549 104.9 328.0
550 93.4 303.0
551 106.3 257.0
552 83.4 235.0
553 113.3 207.0
554 98.1 273.0
555 139.5 294.0
556 109.7 217.0
557 131.1 217.0
558 55.2 157.0
559 151.7 215.0
560 129.0 274.0
561 116.1 240.0
562 103.8 261.0
563 111.8 374.0
564 71.0 209.0
565 118.0 360.0
566 67.2 127.0
567 92.2 198.0
568 136.4 401.0
569 129.3 314.0
570 74.3 286.0
571 78.8 196.0
572 98.4 208.0
573 141.2 337.0
574 76.5 242.0
575 45.5 176.0
576 87.0 187.0
577 41.8 90.0
578 80.3 280.0
579 113.5 258.0
580 74.9 240.0
581 136.0 216.0
582 122.5 258.0
583 82.7 263.0
584 154.0 257.0
585 88.9 222.0
586 143.9 248.0
587 123.1 299.0
588 134.5 287.0
589 66.3 180.0
590 129.8 229.0
591 95.0 242.0
592 132.7 254.0
593 70.8 210.0
594 123.1 247.0
595 85.1 284.0
596 59.9 102.0
597 79.3 150.0
598 69.5 135.0
599 80.9 165.0
600 102.6 212.0
601 126.5 298.0
602 109.8 324.0
603 121.6 343.0
604 93.2 319.0
605 93.3 241.0
606 101.2 240.0
607 71.7 206.0
608 49.8 164.0
609 51.4 169.0
610 68.8 274.0
611 127.7 256.0
612 99.0 196.0
613 69.8 150.0
614 127.4 352.0
615 65.0 177.0
616 128.3 343.0
617 95.8 229.0
618 124.4 297.0
619 85.7 200.0
620 101.2 188.0
621 81.1 163.0
622 69.9 207.0
623 111.5 274.0
624 128.4 314.0
625 124.3 333.0
626 140.4 291.0
627 148.3 292.0
628 130.4 219.0
629 93.0 276.0
630 73.4 179.0
631 142.3 327.0
632 112.6 266.0
633 164.4 372.0
634 83.2 185.0
635 81.3 192.0
636 126.0 332.0
637 132.1 390.0
638 100.5 302.0
639 95.1 229.0
640 61.2 203.0
641 153.0 364.0
642 57.2 157.0
643 61.6 137.0
644 52.5 198.0
645 126.9 289.0
646 109.9 304.0
647 112.9 269.0
648 69.5 239.0
649 83.6 214.0
650 103.3 304.0
651 86.8 172.0
652 119.8 317.0
653 125.4 393.0
654 60.3 196.0
655 104.3 232.0
656 77.6 266.0
657 118.2 285.0
658 82.3 332.0
659 61.2 199.0
660 24.0 75.0
661 87.4 271.0
662 32.1 171.0
663 69.9 279.0
664 69.4 173.0
665 87.5 241.0
666 119.4 300.0
667 127.4 285.0
668 106.9 234.0
669 131.6 326.0
670 127.6 342.0
671 97.3 238.0
672 120.9 265.0
673 60.0 167.0
674 108.1 267.0
675 81.8 260.0
676 144.9 301.0
677 103.0 248.0
678 37.1 113.0
679 126.3 319.0
680 79.0 206.0
681 76.9 121.0
682 79.3 181.0
683 85.4 203.0
684 91.1 200.0
685 147.7 271.0
686 120.5 262.0
687 155.8 281.0
688 122.2 206.0
689 106.5 353.0
690 140.7 338.0
691 133.7 267.0
692 87.1 205.0
693 60.4 164.0
694 127.5 329.0
695 109.8 284.0
696 64.4 209.0
697 35.2 74.0
698 55.2 110.0
699 124.7 259.0
700 94.2 283.0
701 68.3 155.0
702 132.8 373.0
703 90.2 210.0
704 80.4 168.0
705 59.8 118.0
706 72.7 204.0
707 103.3 232.0
708 87.3 165.0
709 130.0 330.0
710 100.1 186.0
711 57.2 118.0
712 125.7 318.0
713 82.5 159.0
714 76.6 172.0
715 150.4 337.0
716 95.2 229.0
717 177.6 334.0
718 174.3 281.0
719 162.3 330.0
720 116.9 215.0
721 113.2 260.0
722 139.2 267.0
723 235.8 286.0
724 104.6 350.0
725 119.5 355.0
726 120.7 331.0
727 119.4 289.0
728 126.1 294.0
729 137.1 343.0
730 175.3 386.0
731 166.4 380.0
732 194.5 386.0
733 152.6 307.0
734 111.6 324.0
735 94.0 233.0
736 144.0 354.0
737 94.6 329.0
738 169.7 326.0
739 198.2 392.0
740 84.5 212.0
741 144.0 388.0
742 138.9 350.0
743 59.2 163.0
744 133.6 329.0
745 86.4 224.0
746 105.0 336.0
747 140.7 269.0
748 109.3 413.0
749 89.9 344.0
750 90.6 266.0
751 102.6 372.0
752 69.2 200.0
753 133.5 341.0
754 66.2 300.0
755 129.5 289.0
756 58.3 250.0
757 63.3 214.0
758 72.1 167.0
759 99.4 364.0
760 116.2 323.0
761 72.7 148.0
762 185.4 338.0
763 112.0 391.0
764 99.8 262.0
765 117.6 259.0
766 72.9 282.0
767 113.7 271.0
768 142.7 385.0
769 89.5 220.0
770 104.7 222.0
771 89.4 278.0
772 71.5 161.0
773 107.4 314.0
774 47.3 92.0
775 78.7 230.0
776 128.9 305.0
777 76.4 225.0
778 91.9 371.0
779 26.4 101.0
780 68.6 238.0
781 101.7 250.0
782 110.4 219.0
783 99.5 260.0
784 125.9 341.0
785 142.8 278.0
786 111.5 207.0
787 155.3 271.0
788 147.9 328.0
789 153.6 311.0
790 201.3 358.0
791 111.6 278.0
792 148.1 290.0
793 97.8 261.0
794 75.9 301.0
795 108.3 300.0
796 132.8 305.0
797 63.2 193.0
798 115.2 360.0
799 162.1 392.0
800 118.7 281.0
801 123.0 348.0
802 138.7 337.0
803 119.7 252.0
804 158.6 372.0
805 89.6 224.0
806 99.2 220.0
807 48.6 111.0
808 93.8 291.0
809 32.4 217.0
810 70.5 310.0
811 151.5 361.0
812 101.1 356.0
813 115.6 268.0
814 78.4 232.0
815 104.7 301.0
816 140.2 339.0
817 169.9 309.0
818 144.9 303.0
819 102.0 268.0
820 160.7 350.0
821 112.2 268.0
822 156.5 300.0
823 140.7 224.0
824 130.2 254.0
825 95.3 219.0
826 136.2 281.0
827 97.9 331.0
828 107.5 266.0
829 65.0 230.0
830 99.5 278.0
831 39.9 114.0
832 148.9 337.0
833 109.7 235.0
834 96.1 251.0
835 122.2 328.0
836 56.7 285.0
837 147.7 330.0
838 125.5 345.0
839 124.2 247.0
840 94.4 201.0
841 132.4 277.0
842 93.3 264.0
843 103.0 311.0
844 105.1 186.0
845 46.7 126.0
846 16.5 54.0
847 34.6 173.0
848 58.6 198.0
849 129.2 233.0
850 89.3 312.0
851 115.1 389.0
852 106.1 357.0
853 98.1 332.0
854 135.3 324.0
855 166.2 299.0
856 66.0 199.0
857 119.2 227.0
858 82.4 219.0
859 167.3 338.0
860 143.6 381.0
861 158.4 407.0
862 147.4 340.0
863 165.7 364.0
864 151.5 336.0
865 127.3 316.0
866 147.2 337.0
867 156.7 316.0
868 122.1 386.0
869 122.9 345.0
870 84.7 244.0
871 97.0 364.0
872 116.7 247.0
873 95.0 263.0
874 176.7 386.0
875 202.7 339.0
876 112.5 317.0
877 85.5 246.0
878 94.2 250.0
879 178.4 392.0
880 120.5 322.0
881 50.7 134.0
882 87.6 291.0
883 109.2 282.0
884 82.4 214.0
885 96.0 357.0
886 41.3 250.0
887 99.2 320.0
888 102.8 305.0
889 95.1 255.0
890 54.7 129.0
891 108.0 415.0
892 63.6 173.0
893 56.9 184.0
894 94.0 256.0
895 61.6 176.0
896 85.3 234.0
897 100.7 316.0
898 88.3 218.0
899 118.9 355.0
900 125.9 286.0
901 149.8 354.0
902 95.0 284.0
903 185.0 350.0
904 61.1 265.0
905 113.5 332.0
906 75.8 309.0
907 34.2 227.0
908 34.7 171.0
909 22.0 111.0
910 26.8 77.0
911 65.4 185.0
912 84.3 251.0
913 66.9 238.0
914 88.5 273.0
915 77.5 202.0
916 87.6 215.0
917 90.1 279.0
918 133.9 294.0
919 110.5 347.0
920 173.2 350.0
921 113.5 257.0
922 73.9 140.0
923 100.0 371.0
924 65.0 235.0
925 178.3 305.0
926 127.5 350.0
927 194.6 361.0
928 113.4 275.0
929 143.3 321.0
930 151.3 394.0
931 98.3 356.0
932 38.9 121.0
933 32.7 139.0
934 88.8 379.0
935 122.0 404.0
936 97.0 327.0
937 10.0 23.0
938 22.7 90.0
939 12.4 71.0
940 110.3 261.0
941 151.2 252.0
942 101.3 254.0
943 73.7 213.0
944 111.9 250.0
945 118.5 299.0
946 47.6 155.0
947 137.0 410.0
948 109.3 364.0
949 107.2 303.0
950 90.2 211.0
951 69.0 303.0
952 74.6 235.0
953 76.0 201.0
954 149.7 364.0
955 112.7 293.0
956 45.9 120.0
957 81.3 237.0
958 133.9 288.0
959 128.8 310.0
960 113.4 245.0
961 143.2 403.0
962 93.5 252.0
963 143.9 365.0
964 85.7 194.0
965 115.8 236.0
966 135.4 314.0
967 71.4 301.0
968 119.8 339.0
969 125.8 312.0
970 122.5 292.0
971 205.5 366.0
972 120.5 321.0
973 85.1 201.0
974 92.0 222.0
975 80.0 298.0
976 154.3 400.0
977 86.2 205.0
978 139.2 348.0
979 138.9 256.0
980 89.2 259.0
981 49.6 197.0
982 109.9 332.0
983 236.1 353.0
984 118.8 353.0
985 102.2 298.0
986 114.8 322.0
987 123.5 349.0
988 104.3 383.0
989 124.0 245.0
990 140.5 342.0
991 172.5 391.0
992 204.8 378.0
993 89.8 340.0
994 108.9 222.0
995 118.3 293.0
996 55.7 274.0
997 85.7 258.0
998 67.3 178.0
999 102.7 353.0
