0 1.3 4.0
1 0.7 3.0
2 1.3 5.0
3 0.8 2.0
4 1.3 3.0
5 1.8 3.0
6 1.3 4.0
7 1.4 3.0
8 1.0 2.0
9 1.2 4.0
10 1.2 2.0
11 1.2 3.0
12 1.1 3.0
13 0.9 4.0
14 0.8 2.0
15 1.7 4.0
16 1.6 4.0
17 0.9 2.0
18 1.0 2.0
19 1.1 4.0
20 1.2 3.0
21 0.9 3.0
22 1.1 4.0
23 1.6 3.0
24 1.5 4.0
25 0.6 2.0
26 1.5 4.0
27 1.1 3.0
28 1.3 3.0
29 0.9 3.0
30 1.5 7.0
31 1.2 3.0
32 2.1 6.0
33 0.7 3.0
34 0.6 1.0
35 1.4 5.0
36 2.2 6.0
37 1.9 4.0
38 1.5 5.0
39 1.0 4.0
40 0.9 3.0
41 1.2 2.0
42 0.8 2.0
43 0.9 4.0
44 0.8 3.0
45 1.1 4.0
46 0.6 3.0
47 0.9 4.0
48 0.5 2.0
49 0.5 3.0
50 0.4 2.0
51 1.3 4.0
52 1.9 9.0
53 0.8 3.0
54 1.1 3.0
55 1.8 6.0
56 0.5 2.0
57 0.5 2.0
58 1.1 3.0
59 1.2 3.0
60 1.5 3.0
61 1.5 5.0
62 1.9 4.0
63 1.9 7.0
64 1.6 4.0
65 2.5 4.0
66 2.5 4.0
67 0.8 2.0
68 1.3 5.0
69 2.4 4.0
70 1.9 3.0
71 2.2 4.0
72 2.2 5.0
73 1.9 5.0
74 0.7 3.0
75 1.2 7.0
76 1.2 3.0
77 0.9 2.0
78 3.5 11.0
79 2.0 6.0
80 1.7 3.0
81 1.1 2.0
82 2.7 7.0
83 1.0 3.0
84 0.5 2.0
85 1.2 4.0
86 1.6 3.0
87 0.9 2.0
88 1.2 5.0
89 0.7 1.0
90 2.3 5.0
91 1.9 4.0
92 2.2 7.0
93 1.4 3.0
94 1.3 3.0
95 1.8 5.0
96 1.3 3.0
97 0.9 2.0
98 0.6 4.0
99 1.2 3.0
100 2.4 6.0
101 2.3 5.0
102 1.5 5.0
103 1.1 5.0
104 1.0 3.0
105 0.7 4.0
106 1.3 5.0
107 0.5 2.0
108 0.7 2.0
109 0.2 1.0
110 1.5 4.0
111 2.0 7.0
112 1.6 6.0
113 1.3 4.0
114 3.2 8.0
115 3.7 8.0
116 3.1 11.0
117 5.1 12.0
118 3.1 5.0
119 3.6 8.0
120 5.5 11.0
121 5.6 8.0
122 5.5 10.0
123 7.1 17.0
124 8.4 18.0
125 9.2 16.0
126 9.2 18.0
127 8.0 17.0
128 8.5 14.0
129 9.4 16.0
130 9.5 15.0
131 11.9 20.0
132 13.5 22.0
133 12.2 17.0
134 14.7 24.0
135 12.3 17.0
136 15.0 21.0
137 14.7 23.0
138 14.5 20.0
139 12.4 25.0
140 9.6 17.0
141 10.1 21.0
142 9.3 18.0
143 14.8 26.0
144 15.8 32.0
145 14.4 23.0
146 15.1 24.0
147 10.9 20.0
148 12.4 16.0
149 18.4 33.0
150 18.6 31.0
151 19.7 27.0
152 20.8 28.0
153 20.7 27.0
154 22.6 29.0
155 22.0 29.0
156 21.7 40.0
157 17.4 24.0
158 22.0 27.0
159 22.7 33.0
160 25.0 37.0
161 23.2 31.0
162 25.8 40.0
163 19.7 35.0
164 23.3 32.0
165 21.9 31.0
166 24.4 32.0
167 21.6 40.0
168 21.4 28.0
169 21.7 30.0
170 28.9 49.0
171 23.2 35.0
172 24.3 37.0
173 27.2 42.0
174 25.8 40.0
175 25.6 35.0
176 24.6 31.0
177 23.9 43.0
178 25.6 32.0
179 28.0 41.0
180 28.1 36.0
181 25.0 41.0
182 24.2 36.0
183 27.4 37.0
184 23.5 35.0
185 31.2 40.0
186 26.2 39.0
187 28.4 43.0
188 27.7 38.0
189 24.0 32.0
190 23.4 35.0
191 32.1 57.0
192 29.6 53.0
193 24.5 45.0
194 27.1 36.0
195 31.0 45.0
196 28.5 48.0
197 25.0 38.0
198 27.5 58.0
199 25.4 51.0
200 30.6 41.0
201 29.7 41.0
202 33.9 41.0
203 26.0 34.0
204 32.8 54.0
205 25.3 35.0
206 23.7 31.0
207 25.8 42.0
208 23.9 38.0
209 28.9 46.0
210 36.5 54.0
211 32.7 52.0
212 45.4 67.0
213 35.2 73.0
214 33.2 54.0
215 38.8 59.0
216 35.7 50.0
217 28.6 46.0
218 24.5 37.0
219 27.1 40.0
220 33.6 46.0
221 37.4 51.0
222 33.4 40.0
223 34.0 44.0
224 32.0 49.0
225 31.6 40.0
226 41.5 80.0
227 36.9 50.0
228 34.2 51.0
229 29.4 53.0
230 31.1 62.0
231 32.7 51.0
232 33.1 44.0
233 39.2 53.0
234 38.0 64.0
235 35.4 48.0
236 34.3 63.0
237 34.4 51.0
238 40.9 59.0
239 37.9 67.0
240 33.5 51.0
241 26.3 53.0
242 36.1 45.0
243 46.4 60.0
244 40.6 66.0
245 28.8 64.0
246 35.6 50.0
247 41.4 106.0
248 36.3 54.0
249 29.7 40.0
250 38.4 67.0
251 33.8 51.0
252 34.3 48.0
253 31.8 43.0
254 48.6 79.0
255 35.7 46.0
256 40.2 70.0
257 36.2 64.0
258 41.0 62.0
259 38.6 64.0
260 36.1 61.0
261 34.4 66.0
262 40.2 62.0
263 43.3 76.0
264 38.2 53.0
265 36.9 58.0
266 37.6 75.0
267 34.6 68.0
268 38.5 62.0
269 42.1 71.0
270 46.6 69.0
271 48.0 70.0
272 51.6 79.0
273 43.3 68.0
274 37.7 69.0
275 37.2 75.0
276 45.3 79.0
277 52.7 76.0
278 38.8 54.0
279 43.7 70.0
280 40.4 66.0
281 47.1 96.0
282 66.2 200.0
283 40.0 69.0
284 45.5 76.0
285 46.8 77.0
286 36.3 54.0
287 42.1 69.0
288 41.7 66.0
289 38.1 64.0
290 40.2 73.0
291 51.7 72.0
292 39.3 70.0
293 38.5 60.0
294 48.6 77.0
295 41.3 69.0
296 52.7 68.0
297 51.0 90.0
298 65.6 96.0
299 55.7 84.0
300 49.4 83.0
301 59.5 98.0
302 50.6 78.0
303 55.9 88.0
304 57.6 92.0
305 67.6 129.0
306 55.3 101.0
307 64.8 90.0
308 51.8 84.0
309 52.4 84.0
310 46.9 67.0
311 48.4 72.0
312 43.0 73.0
313 83.9 365.0
314 44.8 89.0
315 41.8 106.0
316 48.8 91.0
317 46.7 74.0
318 72.8 199.0
319 91.3 228.0
320 56.1 74.0
321 54.0 81.0
322 47.4 82.0
323 51.2 86.0
324 45.9 85.0
325 57.0 85.0
326 76.7 294.0
327 71.6 154.0
328 44.9 69.0
329 48.1 99.0
330 64.1 93.0
331 59.3 89.0
332 69.9 106.0
333 58.6 103.0
334 69.4 229.0
335 56.4 169.0
336 41.0 116.0
337 35.8 62.0
338 51.1 109.0
339 67.8 102.0
340 78.3 224.0
341 60.2 251.0
342 63.1 103.0
343 49.8 99.0
344 68.7 254.0
345 67.3 216.0
346 100.5 335.0
347 81.4 133.0
348 89.9 293.0
349 89.4 356.0
350 122.8 234.0
351 28.9 57.0
352 54.1 225.0
353 38.6 76.0
354 62.2 257.0
355 47.2 81.0
356 58.2 130.0
357 68.7 162.0
358 80.6 300.0
359 92.0 340.0
360 69.2 316.0
361 77.5 276.0
362 60.3 247.0
363 36.7 122.0
364 90.1 280.0
365 64.2 337.0
366 127.9 300.0
367 99.9 331.0
368 149.4 336.0
369 104.6 353.0
370 96.9 313.0
371 97.7 300.0
372 115.2 367.0
373 121.2 316.0
374 69.7 186.0
375 38.9 76.0
376 103.9 295.0
377 56.1 185.0
378 64.4 314.0
379 48.8 240.0
380 53.4 118.0
381 64.2 185.0
382 113.1 319.0
383 97.6 316.0
384 61.8 135.0
385 47.6 90.0
386 44.1 98.0
387 71.9 229.0
388 65.5 238.0
389 95.7 220.0
390 86.4 284.0
391 87.5 322.0
392 59.7 244.0
393 108.2 351.0
394 52.1 94.0
395 114.8 384.0
396 149.2 365.0
397 115.7 370.0
398 67.3 259.0
399 111.6 373.0
400 166.5 366.0
401 87.5 302.0
402 84.8 318.0
403 84.7 252.0
404 65.3 329.0
405 61.1 286.0
406 45.5 96.0
407 71.4 243.0
408 73.7 331.0
409 85.8 301.0
410 32.1 118.0
411 70.9 241.0
412 53.1 102.0
413 35.9 73.0
414 47.3 220.0
415 72.8 305.0
416 143.7 367.0
417 104.1 331.0
418 72.8 174.0
419 97.5 355.0
420 94.5 400.0
421 105.4 276.0
422 93.8 332.0
423 67.4 333.0
424 142.8 343.0
425 106.1 318.0
426 54.9 114.0
427 122.2 280.0
428 110.9 366.0
429 77.1 298.0
430 55.7 91.0
431 79.6 291.0
432 64.8 295.0
433 21.9 48.0
434 78.5 335.0
435 29.9 60.0
436 50.4 197.0
437 36.7 81.0
438 67.5 350.0
439 146.8 381.0
440 81.6 309.0
441 171.9 404.0
442 70.3 215.0
443 105.5 317.0
444 79.8 354.0
445 103.9 322.0
446 98.8 292.0
447 140.3 356.0
448 76.1 342.0
449 55.5 203.0
450 158.5 361.0
451 110.2 337.0
452 229.8 389.0
453 68.8 369.0
454 151.7 381.0
455 163.5 361.0
456 78.3 220.0
457 63.3 138.0
458 74.9 243.0
459 35.2 76.0
460 96.4 376.0
461 48.0 226.0
462 32.5 63.0
463 69.5 400.0
464 54.5 175.0
465 86.9 324.0
466 69.2 259.0
467 69.3 328.0
468 53.2 117.0
469 99.7 281.0
470 54.4 168.0
471 149.7 400.0
472 96.4 353.0
473 165.8 335.0
474 81.5 278.0
475 84.0 347.0
476 140.8 419.0
477 79.0 410.0
478 114.6 363.0
479 81.9 292.0
480 92.8 350.0
481 118.5 390.0
482 131.4 321.0
483 169.0 377.0
484 88.5 361.0
485 61.6 264.0
486 36.0 71.0
487 58.4 378.0
488 158.1 420.0
489 152.2 375.0
490 23.3 59.0
491 28.8 67.0
492 58.0 247.0
493 36.5 135.0
494 118.4 370.0
495 35.0 182.0
496 23.5 55.0
497 78.1 334.0
498 80.0 380.0
499 24.5 57.0
500 56.6 355.0
501 135.1 352.0
502 33.3 71.0
503 118.7 359.0
504 117.7 371.0
505 67.0 318.0
506 42.8 271.0
507 65.7 321.0
508 107.5 322.0
509 60.9 368.0
510 166.8 374.0
511 31.7 89.0
512 65.8 389.0
513 38.4 115.0
514 24.1 63.0
515 55.9 278.0
516 65.4 333.0
517 39.3 132.0
518 58.9 313.0
519 53.6 190.0
520 105.1 258.0
521 148.5 344.0
522 131.5 256.0
523 81.5 370.0
524 54.5 310.0
525 34.2 88.0
526 128.2 368.0
527 56.0 403.0
528 23.1 47.0
529 77.6 328.0
530 49.7 326.0
531 55.1 272.0
532 39.3 176.0
533 32.7 64.0
534 70.7 355.0
535 55.0 245.0
536 17.9 47.0
537 64.7 366.0
538 57.1 246.0
539 26.1 74.0
540 34.4 83.0
541 85.0 313.0
542 70.8 344.0
543 86.9 259.0
544 38.8 89.0
545 60.5 202.0
546 90.6 286.0
547 47.1 131.0
548 51.5 206.0
549 87.4 347.0
550 106.1 349.0
551 100.2 355.0
552 106.3 373.0
553 43.5 166.0
554 42.1 132.0
555 49.1 161.0
556 71.4 303.0
557 103.3 369.0
558 72.6 343.0
559 76.3 350.0
560 137.3 354.0
561 57.3 224.0
562 71.1 329.0
563 141.2 391.0
564 54.3 102.0
565 103.5 312.0
566 73.1 357.0
567 104.2 279.0
568 59.6 111.0
569 61.5 117.0
570 35.8 86.0
571 86.9 349.0
572 49.4 79.0
573 106.4 342.0
574 130.2 309.0
575 131.0 335.0
576 83.1 297.0
577 52.9 143.0
578 84.9 255.0
579 78.4 328.0
580 73.7 335.0
581 91.8 353.0
582 59.8 260.0
583 74.0 363.0
584 46.8 90.0
585 101.7 319.0
586 109.5 358.0
587 131.7 322.0
588 117.5 335.0
589 89.1 273.0
590 99.5 350.0
591 144.4 285.0
592 121.4 339.0
593 102.1 357.0
594 99.0 374.0
595 122.7 342.0
596 120.9 348.0
597 154.6 367.0
598 174.1 359.0
599 192.1 377.0
600 139.5 368.0
601 136.9 357.0
602 67.2 333.0
603 114.7 363.0
604 70.7 116.0
605 183.8 355.0
606 30.8 71.0
607 134.1 307.0
608 111.8 377.0
609 174.3 369.0
610 63.5 210.0
611 116.4 322.0
612 56.3 122.0
613 43.9 118.0
614 27.1 56.0
615 18.1 41.0
616 30.7 114.0
617 17.3 72.0
618 14.8 49.0
619 18.2 61.0
620 17.6 59.0
621 30.7 88.0
622 94.7 315.0
623 24.2 42.0
624 73.5 361.0
625 62.0 303.0
626 20.0 52.0
627 68.5 316.0
628 86.2 255.0
629 111.6 403.0
630 82.2 354.0
631 66.6 329.0
632 40.2 96.0
633 64.9 325.0
634 96.3 279.0
635 91.4 320.0
636 38.2 72.0
637 68.4 342.0
638 117.3 318.0
639 31.3 81.0
640 42.8 76.0
641 37.1 74.0
642 91.4 309.0
643 162.6 359.0
644 61.6 251.0
645 36.1 72.0
646 103.8 335.0
647 63.0 348.0
648 106.6 376.0
649 118.2 318.0
650 142.8 372.0
651 114.1 336.0
652 60.4 298.0
653 38.9 84.0
654 32.2 62.0
655 60.4 220.0
656 47.1 311.0
657 67.4 286.0
658 78.9 383.0
659 33.5 108.0
660 18.6 38.0
661 23.2 63.0
662 113.5 353.0
663 65.8 346.0
664 48.4 335.0
665 41.9 286.0
666 29.3 85.0
667 44.0 204.0
668 33.4 65.0
669 24.6 61.0
670 23.3 44.0
671 61.4 219.0
672 98.1 381.0
673 66.0 299.0
674 64.7 87.0
675 44.8 87.0
676 105.9 336.0
677 180.6 369.0
678 108.4 286.0
679 52.2 94.0
680 110.1 419.0
681 174.4 425.0
682 199.8 392.0
683 69.3 336.0
684 156.7 375.0
685 27.9 85.0
686 80.6 345.0
687 155.8 383.0
688 103.3 329.0
689 141.1 418.0
690 116.2 340.0
691 68.5 345.0
692 131.4 360.0
693 109.8 306.0
694 136.0 390.0
695 78.4 304.0
696 65.9 160.0
697 118.9 378.0
698 40.4 97.0
699 27.8 54.0
700 78.9 319.0
701 72.3 422.0
702 48.0 258.0
703 61.7 321.0
704 124.7 416.0
705 24.0 82.0
706 54.2 340.0
707 54.5 336.0
708 38.6 98.0
709 25.3 55.0
710 23.5 75.0
711 24.1 53.0
712 201.1 420.0
713 53.6 165.0
714 113.1 418.0
715 42.8 129.0
716 76.9 309.0
717 107.8 399.0
718 147.3 350.0
719 110.0 343.0
720 98.7 395.0
721 129.5 372.0
722 85.6 315.0
723 93.3 362.0
724 126.3 384.0
725 111.5 364.0
726 117.2 379.0
727 123.4 398.0
728 199.7 420.0
729 112.1 393.0
730 68.1 323.0
731 194.4 344.0
732 118.0 330.0
733 144.0 396.0
734 178.4 385.0
735 44.8 134.0
736 148.6 392.0
737 102.9 329.0
738 112.6 318.0
739 90.7 319.0
740 121.1 338.0
741 212.5 413.0
742 113.0 416.0
743 104.5 388.0
744 118.9 357.0
745 179.4 362.0
746 139.6 379.0
747 58.2 263.0
748 78.5 359.0
749 144.7 384.0
750 167.2 381.0
751 56.9 151.0
752 60.9 399.0
753 31.6 67.0
754 39.3 224.0
755 102.0 371.0
756 70.5 378.0
757 121.8 406.0
758 65.3 261.0
759 84.5 337.0
760 78.5 396.0
761 136.0 348.0
762 94.4 249.0
763 106.8 386.0
764 29.0 54.0
765 62.5 152.0
766 76.8 338.0
767 110.3 397.0
768 64.5 366.0
769 112.8 369.0
770 69.0 341.0
771 92.7 403.0
772 35.8 63.0
773 127.7 346.0
774 51.1 279.0
775 65.5 251.0
776 106.0 364.0
777 183.2 396.0
778 88.1 352.0
779 97.1 255.0
780 175.8 410.0
781 78.2 221.0
782 62.3 290.0
783 18.1 57.0
784 90.5 374.0
785 57.4 371.0
786 62.2 327.0
787 122.9 368.0
788 47.3 378.0
789 19.2 69.0
790 90.3 401.0
791 79.7 384.0
792 22.7 83.0
793 65.3 322.0
794 13.4 30.0
795 63.3 373.0
796 118.4 384.0
797 25.9 83.0
798 73.4 351.0
799 85.5 331.0
800 98.4 374.0
801 148.9 378.0
802 22.8 48.0
803 114.0 326.0
804 89.7 405.0
805 148.8 400.0
806 139.0 421.0
807 74.0 387.0
808 87.3 378.0
809 112.9 334.0
810 227.5 413.0
811 95.8 375.0
812 72.5 391.0
813 80.0 374.0
814 45.2 200.0
815 99.5 338.0
816 51.8 269.0
817 51.3 218.0
818 82.5 322.0
819 37.7 79.0
820 58.8 343.0
821 87.7 398.0
822 35.6 97.0
823 59.1 180.0
824 88.8 386.0
825 117.9 344.0
826 98.2 304.0
827 67.6 359.0
828 124.5 336.0
829 193.7 389.0
830 38.1 67.0
831 158.2 387.0
832 120.6 355.0
833 117.9 400.0
834 186.4 390.0
835 105.5 359.0
836 147.9 398.0
837 167.0 415.0
838 39.9 83.0
839 32.7 71.0
840 108.9 388.0
841 168.3 378.0
842 60.6 348.0
843 92.6 385.0
844 100.3 344.0
845 123.1 330.0
846 126.5 382.0
847 93.0 387.0
848 132.3 370.0
849 90.4 334.0
850 98.0 336.0
851 78.8 406.0
852 48.6 363.0
853 55.1 277.0
854 133.9 362.0
855 100.0 398.0
856 173.7 362.0
857 109.4 360.0
858 95.9 365.0
859 60.4 303.0
860 25.8 57.0
861 107.2 323.0
862 95.1 391.0
863 58.9 214.0
864 75.6 393.0
865 60.1 323.0
866 96.9 395.0
867 88.7 350.0
868 88.3 339.0
869 57.3 335.0
870 68.4 340.0
871 27.1 74.0
872 15.6 37.0
873 14.9 27.0
874 57.1 324.0
875 65.5 224.0
876 39.9 85.0
877 66.3 345.0
878 53.7 311.0
879 55.6 289.0
880 22.0 39.0
881 54.0 336.0
882 128.5 366.0
883 140.9 323.0
884 155.1 391.0
885 186.8 357.0
886 148.0 416.0
887 191.6 386.0
888 155.6 400.0
889 172.2 385.0
890 133.0 379.0
891 91.8 357.0
892 96.2 412.0
893 65.8 367.0
894 140.6 390.0
895 146.9 410.0
896 134.1 401.0
897 67.5 400.0
898 138.2 369.0
899 74.1 383.0
900 54.4 278.0
901 105.8 391.0
902 24.1 54.0
903 66.5 396.0
904 47.0 199.0
905 69.6 376.0
906 30.4 76.0
907 51.7 98.0
908 97.5 409.0
909 144.1 386.0
910 70.6 355.0
911 69.7 339.0
912 96.4 314.0
913 94.2 334.0
914 119.4 353.0
915 46.0 256.0
916 92.6 309.0
917 72.5 309.0
918 120.0 373.0
919 68.9 330.0
920 179.0 410.0
921 103.1 321.0
922 164.5 379.0
923 164.6 407.0
924 219.5 373.0
925 90.3 332.0
926 112.6 337.0
927 66.6 350.0
928 149.8 333.0
929 91.5 371.0
930 114.4 313.0
931 140.4 403.0
932 94.9 366.0
933 127.1 315.0
934 147.8 373.0
935 189.1 357.0
936 130.5 355.0
937 63.5 363.0
938 188.6 355.0
939 116.3 364.0
940 121.0 352.0
941 224.8 412.0
942 174.6 320.0
943 198.4 340.0
944 157.1 368.0
945 239.7 415.0
946 117.1 336.0
947 153.4 396.0
948 155.9 369.0
949 138.0 356.0
950 178.4 343.0
951 130.4 388.0
952 85.2 424.0
953 109.1 352.0
954 43.8 88.0
955 156.0 376.0
956 122.2 394.0
957 197.0 383.0
958 158.4 393.0
959 44.4 220.0
960 180.0 384.0
961 105.5 351.0
962 102.9 357.0
963 56.4 176.0
964 180.6 374.0
965 119.2 398.0
966 125.5 349.0
967 126.5 380.0
968 140.3 373.0
969 147.3 367.0
970 199.3 403.0
971 79.6 337.0
972 66.5 384.0
973 213.5 407.0
974 80.1 225.0
975 138.1 379.0
976 151.2 383.0
977 221.3 381.0
978 119.8 395.0
979 178.0 404.0
980 183.3 358.0
981 135.8 401.0
982 236.0 404.0
983 112.2 302.0
984 91.8 365.0
985 148.6 391.0
986 187.8 355.0
987 111.0 375.0
988 140.2 402.0
989 46.3 100.0
990 161.1 409.0
991 78.8 357.0
992 82.7 344.0
993 76.4 264.0
994 104.1 394.0
995 187.8 359.0
996 183.6 426.0
997 189.3 370.0
998 118.9 363.0
999 179.3 353.0
