0 1.3 4.0
1 0.8 3.0
2 0.9 2.0
3 1.4 4.0
4 1.2 4.0
5 1.5 4.0
6 1.0 2.0
7 1.3 3.0
8 0.4 1.0
9 1.1 3.0
10 0.7 3.0
11 1.1 3.0
12 1.3 3.0
13 1.3 5.0
14 0.9 3.0
15 1.0 2.0
16 1.5 3.0
17 1.4 4.0
18 1.2 3.0
19 1.0 3.0
20 0.8 2.0
21 0.6 2.0
22 1.5 3.0
23 0.7 3.0
24 0.6 1.0
25 1.3 4.0
26 0.9 4.0
27 0.7 2.0
28 1.1 3.0
29 1.6 6.0
30 1.1 2.0
31 1.1 2.0
32 1.2 3.0
33 1.4 3.0
34 1.5 5.0
35 1.4 4.0
36 1.2 4.0
37 1.9 9.0
38 1.4 3.0
39 2.4 7.0
40 1.5 3.0
41 1.9 3.0
42 1.0 3.0
43 1.6 5.0
44 1.4 4.0
45 1.3 3.0
46 1.5 3.0
47 1.1 3.0
48 0.2 1.0
49 1.4 4.0
50 0.8 2.0
51 1.7 3.0
52 1.4 3.0
53 2.4 6.0
54 1.2 4.0
55 1.1 3.0
56 1.7 6.0
57 1.8 5.0
58 2.8 5.0
59 2.3 7.0
60 2.6 5.0
61 2.1 4.0
62 1.6 4.0
63 2.0 8.0
64 2.9 6.0
65 2.1 5.0
66 3.6 8.0
67 3.6 11.0
68 3.3 7.0
69 3.9 9.0
70 5.2 11.0
71 3.3 7.0
72 2.3 5.0
73 2.9 5.0
74 3.1 7.0
75 3.7 12.0
76 2.6 6.0
77 3.4 9.0
78 4.4 11.0
79 3.4 8.0
80 2.4 4.0
81 3.7 7.0
82 2.7 5.0
83 2.7 5.0
84 2.9 6.0
85 3.0 8.0
86 2.9 5.0
87 2.5 4.0
88 2.6 6.0
89 3.6 8.0
90 2.7 4.0
91 4.0 12.0
92 3.0 7.0
93 3.8 8.0
94 3.6 7.0
95 2.5 5.0
96 3.8 9.0
97 2.4 7.0
98 4.0 9.0
99 4.6 11.0
100 4.0 7.0
101 3.5 11.0
102 3.6 6.0
103 4.6 15.0
104 6.2 11.0
105 5.2 11.0
106 6.9 12.0
107 4.8 8.0
108 4.4 7.0
109 5.4 12.0
110 8.5 14.0
111 8.2 14.0
112 7.9 12.0
113 7.6 16.0
114 10.5 14.0
115 6.2 10.0
116 6.4 10.0
117 8.1 12.0
118 8.9 14.0
119 10.9 16.0
120 10.7 15.0
121 11.6 17.0
122 13.2 18.0
123 12.4 20.0
124 10.4 21.0
125 15.3 27.0
126 11.5 19.0
127 15.5 24.0
128 12.0 22.0
129 10.3 14.0
130 9.4 12.0
131 9.1 18.0
132 10.4 27.0
133 10.4 16.0
134 10.2 18.0
135 13.0 17.0
136 12.4 25.0
137 15.4 23.0
138 18.2 26.0
139 18.1 26.0
140 18.5 28.0
141 22.0 41.0
142 19.4 28.0
143 17.7 23.0
144 16.6 24.0
145 15.5 20.0
146 22.7 38.0
147 18.7 28.0
148 17.9 31.0
149 17.7 31.0
150 21.1 30.0
151 20.4 29.0
152 17.4 23.0
153 20.5 33.0
154 21.6 33.0
155 20.6 29.0
156 27.9 48.0
157 20.0 27.0
158 18.5 27.0
159 18.5 26.0
160 19.1 33.0
161 21.3 28.0
162 17.6 22.0
163 23.0 34.0
164 21.1 32.0
165 21.9 27.0
166 20.0 23.0
167 20.6 32.0
168 21.9 34.0
169 26.0 36.0
170 23.2 34.0
171 23.8 32.0
172 23.2 29.0
173 24.5 37.0
174 22.1 29.0
175 21.6 30.0
176 24.6 30.0
177 22.9 36.0
178 21.8 32.0
179 19.7 25.0
180 21.5 33.0
181 21.3 28.0
182 25.1 33.0
183 20.9 31.0
184 22.9 50.0
185 22.1 36.0
186 28.9 43.0
187 22.7 31.0
188 25.5 43.0
189 26.5 51.0
190 22.7 33.0
191 27.3 35.0
192 25.8 35.0
193 31.8 50.0
194 26.9 44.0
195 25.0 33.0
196 25.8 35.0
197 25.3 42.0
198 26.1 42.0
199 28.4 45.0
200 25.4 32.0
201 22.3 44.0
202 26.0 41.0
203 35.8 48.0
204 32.4 52.0
205 29.5 43.0
206 27.8 52.0
207 26.7 42.0
208 29.1 48.0
209 30.7 45.0
210 28.2 40.0
211 35.6 48.0
212 29.2 59.0
213 28.9 51.0
214 31.6 38.0
215 33.3 50.0
216 36.1 84.0
217 29.8 39.0
218 31.8 55.0
219 33.5 44.0
220 37.6 62.0
221 28.0 47.0
222 33.6 56.0
223 32.6 55.0
224 33.7 54.0
225 32.8 45.0
226 34.2 69.0
227 40.1 62.0
228 36.4 77.0
229 34.5 60.0
230 32.0 55.0
231 38.1 76.0
232 30.8 56.0
233 28.9 59.0
234 29.0 42.0
235 30.1 63.0
236 36.3 62.0
237 23.2 42.0
238 34.1 45.0
239 34.8 77.0
240 32.0 44.0
241 32.4 54.0
242 37.9 50.0
243 36.0 57.0
244 34.0 49.0
245 37.3 59.0
246 30.2 43.0
247 32.4 49.0
248 35.2 52.0
249 39.2 78.0
250 32.7 71.0
251 39.5 62.0
252 34.7 49.0
253 28.0 52.0
254 28.8 42.0
255 33.8 68.0
256 26.4 32.0
257 27.8 43.0
258 30.8 44.0
259 33.9 42.0
260 37.1 66.0
261 29.0 57.0
262 33.5 50.0
263 26.5 35.0
264 33.4 71.0
265 30.1 43.0
266 35.2 69.0
267 31.6 47.0
268 32.7 93.0
269 37.3 70.0
270 41.6 72.0
271 36.0 71.0
272 32.3 50.0
273 30.0 44.0
274 26.5 42.0
275 35.7 57.0
276 35.2 50.0
277 27.6 41.0
278 31.1 44.0
279 31.4 53.0
280 25.5 38.0
281 32.8 43.0
282 36.1 51.0
283 34.7 42.0
284 37.1 59.0
285 34.3 58.0
286 35.3 52.0
287 44.1 87.0
288 35.4 48.0
289 25.8 43.0
290 34.7 50.0
291 43.0 90.0
292 36.9 53.0
293 29.6 38.0
294 38.6 60.0
295 29.5 46.0
296 29.6 51.0
297 36.6 58.0
298 31.3 45.0
299 38.7 52.0
300 35.0 54.0
301 40.5 53.0
302 43.9 82.0
303 34.8 57.0
304 45.2 73.0
305 47.8 68.0
306 46.1 64.0
307 34.4 59.0
308 36.0 78.0
309 32.2 61.0
310 28.5 60.0
311 33.5 49.0
312 33.5 56.0
313 30.2 43.0
314 56.9 204.0
315 40.4 57.0
316 34.5 60.0
317 22.0 38.0
318 27.4 46.0
319 59.2 170.0
320 24.2 42.0
321 28.6 58.0
322 23.3 40.0
323 31.6 44.0
324 41.2 97.0
325 27.2 58.0
326 33.8 54.0
327 35.8 57.0
328 38.6 90.0
329 30.2 54.0
330 29.8 57.0
331 25.0 40.0
332 41.2 76.0
333 33.3 82.0
334 27.9 64.0
335 29.4 51.0
336 49.2 206.0
337 53.3 249.0
338 46.1 105.0
339 32.2 49.0
340 29.7 80.0
341 39.1 73.0
342 43.6 85.0
343 38.5 82.0
344 60.7 209.0
345 48.9 106.0
346 36.7 100.0
347 63.4 245.0
348 37.1 73.0
349 47.8 194.0
350 40.4 69.0
351 39.0 94.0
352 36.8 52.0
353 35.9 88.0
354 64.3 231.0
355 39.7 104.0
356 29.2 87.0
357 36.9 82.0
358 35.4 52.0
359 37.3 63.0
360 34.3 55.0
361 40.0 63.0
362 38.0 73.0
363 32.3 58.0
364 39.6 111.0
365 39.5 67.0
366 53.7 183.0
367 38.1 90.0
368 61.2 183.0
369 32.3 56.0
370 45.0 62.0
371 47.4 88.0
372 58.5 193.0
373 58.6 160.0
374 45.0 81.0
375 83.6 360.0
376 38.8 80.0
377 28.7 54.0
378 54.0 311.0
379 39.7 70.0
380 50.2 88.0
381 57.2 231.0
382 33.0 51.0
383 35.8 57.0
384 56.8 162.0
385 47.1 84.0
386 37.4 86.0
387 34.3 56.0
388 37.7 77.0
389 49.8 98.0
390 46.0 92.0
391 69.3 207.0
392 41.2 113.0
393 57.6 93.0
394 41.2 58.0
395 51.6 86.0
396 80.6 344.0
397 28.0 40.0
398 60.2 180.0
399 47.0 86.0
400 114.2 317.0
401 42.1 77.0
402 49.3 183.0
403 37.1 62.0
404 39.2 70.0
405 38.1 67.0
406 35.6 59.0
407 32.2 51.0
408 40.3 53.0
409 38.6 66.0
410 35.8 56.0
411 63.7 176.0
412 45.0 102.0
413 50.0 127.0
414 54.9 122.0
415 27.4 70.0
416 28.3 71.0
417 23.1 49.0
418 41.0 88.0
419 44.1 101.0
420 67.3 204.0
421 39.7 84.0
422 51.6 206.0
423 88.5 320.0
424 58.3 149.0
425 63.7 180.0
426 50.3 118.0
427 55.1 97.0
428 79.6 261.0
429 58.6 213.0
430 77.7 231.0
431 82.8 249.0
432 59.6 159.0
433 61.8 198.0
434 48.4 118.0
435 46.8 123.0
436 62.5 231.0
437 38.8 186.0
438 83.7 228.0
439 59.6 257.0
440 40.6 64.0
441 74.6 262.0
442 46.5 139.0
443 46.0 97.0
444 86.8 257.0
445 81.5 222.0
446 57.0 206.0
447 70.5 312.0
448 39.1 64.0
449 70.3 289.0
450 53.0 219.0
451 72.8 169.0
452 65.2 290.0
453 53.8 88.0
454 83.4 198.0
455 63.4 261.0
456 129.0 304.0
457 80.1 202.0
458 101.4 330.0
459 135.2 321.0
460 79.4 231.0
461 33.4 54.0
462 40.7 98.0
463 56.2 229.0
464 71.9 385.0
465 64.7 206.0
466 125.0 374.0
467 52.2 195.0
468 39.3 154.0
469 51.8 334.0
470 29.5 91.0
471 52.7 259.0
472 36.3 82.0
473 31.8 80.0
474 49.8 124.0
475 48.1 160.0
476 53.8 206.0
477 20.2 32.0
478 33.5 65.0
479 31.6 64.0
480 62.9 333.0
481 81.6 252.0
482 58.6 311.0
483 74.6 305.0
484 30.1 42.0
485 70.2 267.0
486 38.5 77.0
487 56.2 200.0
488 62.7 225.0
489 35.6 53.0
490 119.0 365.0
491 69.9 301.0
492 43.7 83.0
493 53.4 202.0
494 64.8 268.0
495 64.9 334.0
496 50.3 115.0
497 39.4 106.0
498 69.8 137.0
499 74.2 314.0
500 70.3 334.0
501 58.9 204.0
502 49.7 116.0
503 59.0 193.0
504 46.6 102.0
505 40.6 66.0
506 78.1 304.0
507 44.6 86.0
508 45.0 72.0
509 43.3 81.0
510 60.9 258.0
511 71.6 183.0
512 69.8 303.0
513 69.2 228.0
514 81.1 304.0
515 46.9 76.0
516 73.7 248.0
517 152.2 377.0
518 65.4 168.0
519 59.7 310.0
520 51.2 131.0
521 98.8 332.0
522 68.5 266.0
523 47.6 65.0
524 72.6 195.0
525 44.5 97.0
526 68.7 227.0
527 81.1 299.0
528 52.6 93.0
529 45.2 123.0
530 54.5 89.0
531 110.7 306.0
532 54.5 170.0
533 76.1 176.0
534 68.0 158.0
535 110.1 265.0
536 117.9 335.0
537 160.1 289.0
538 122.1 344.0
539 55.9 95.0
540 92.1 377.0
541 109.7 349.0
542 45.1 69.0
543 100.7 309.0
544 78.8 269.0
545 84.1 280.0
546 45.5 138.0
547 55.2 288.0
548 71.5 317.0
549 70.3 259.0
550 86.2 320.0
551 66.8 317.0
552 84.6 298.0
553 76.5 234.0
554 93.8 369.0
555 46.2 74.0
556 89.9 334.0
557 67.7 171.0
558 103.7 300.0
559 45.4 89.0
560 24.4 36.0
561 21.4 48.0
562 40.5 96.0
563 53.4 247.0
564 66.7 266.0
565 79.9 273.0
566 46.8 95.0
567 25.3 78.0
568 38.5 185.0
569 28.0 79.0
570 44.0 195.0
571 38.2 80.0
572 89.6 398.0
573 39.4 74.0
574 32.5 58.0
575 33.6 53.0
576 68.2 310.0
577 105.2 271.0
578 30.9 52.0
579 63.6 336.0
580 118.8 328.0
581 49.6 92.0
582 75.5 322.0
583 39.3 73.0
584 47.9 136.0
585 61.5 153.0
586 56.7 331.0
587 35.8 61.0
588 145.6 316.0
589 43.7 73.0
590 50.7 115.0
591 72.5 305.0
592 47.0 96.0
593 60.1 144.0
594 50.2 165.0
595 25.6 51.0
596 129.3 351.0
597 49.1 97.0
598 28.2 52.0
599 61.0 295.0
600 101.2 280.0
601 63.2 330.0
602 40.3 72.0
603 42.1 118.0
604 37.8 72.0
605 28.3 49.0
606 65.0 155.0
607 45.1 82.0
608 39.9 63.0
609 40.9 58.0
610 80.7 304.0
611 60.4 110.0
612 46.2 83.0
613 78.1 265.0
614 43.4 128.0
615 88.2 308.0
616 112.5 320.0
617 70.0 356.0
618 85.7 280.0
619 57.8 215.0
620 46.7 79.0
621 69.7 140.0
622 105.1 341.0
623 73.4 316.0
624 61.2 151.0
625 44.1 74.0
626 71.8 264.0
627 84.9 256.0
628 48.5 113.0
629 37.6 81.0
630 48.8 165.0
631 63.5 337.0
632 71.5 270.0
633 93.1 287.0
634 42.0 87.0
635 35.2 61.0
636 61.2 142.0
637 44.8 76.0
638 43.8 106.0
639 38.8 68.0
640 70.6 316.0
641 53.7 133.0
642 46.9 90.0
643 45.4 83.0
644 43.4 82.0
645 44.6 68.0
646 46.3 209.0
647 32.2 82.0
648 92.2 330.0
649 124.7 391.0
650 40.1 70.0
651 73.2 332.0
652 40.1 76.0
653 71.3 307.0
654 66.5 87.0
655 92.0 235.0
656 62.1 105.0
657 118.8 364.0
658 42.5 61.0
659 90.8 263.0
660 84.1 327.0
661 47.4 101.0
662 59.6 181.0
663 62.4 168.0
664 115.2 359.0
665 56.6 205.0
666 52.4 98.0
667 80.0 359.0
668 55.8 80.0
669 56.6 87.0
670 107.8 306.0
671 105.2 225.0
672 104.6 361.0
673 84.0 173.0
674 77.8 327.0
675 72.2 255.0
676 65.2 195.0
677 117.8 292.0
678 75.1 231.0
679 87.2 359.0
680 40.7 96.0
681 34.2 96.0
682 41.5 71.0
683 53.0 95.0
684 64.9 143.0
685 42.2 102.0
686 64.1 342.0
687 25.4 52.0
688 77.6 323.0
689 68.1 319.0
690 53.1 106.0
691 46.1 79.0
692 112.4 331.0
693 97.1 378.0
694 45.7 160.0
695 40.8 93.0
696 47.8 84.0
697 77.1 300.0
698 81.3 276.0
699 102.4 398.0
700 55.0 91.0
701 91.8 340.0
702 61.2 126.0
703 65.4 222.0
704 66.4 245.0
705 81.7 237.0
706 77.1 327.0
707 56.4 108.0
708 71.4 288.0
709 85.2 360.0
710 36.8 102.0
711 56.7 87.0
712 64.4 266.0
713 48.6 94.0
714 76.8 226.0
715 75.6 386.0
716 53.4 125.0
717 135.4 344.0
718 132.6 383.0
719 91.5 383.0
720 59.5 108.0
721 116.0 367.0
722 94.3 323.0
723 97.7 363.0
724 88.6 307.0
725 47.3 78.0
726 100.7 233.0
727 71.4 317.0
728 81.9 370.0
729 132.5 387.0
730 61.0 155.0
731 43.3 88.0
732 69.4 274.0
733 118.8 302.0
734 93.1 325.0
735 63.1 347.0
736 118.4 359.0
737 72.3 269.0
738 105.6 339.0
739 79.1 260.0
740 128.0 319.0
741 79.7 322.0
742 44.5 83.0
743 74.8 266.0
744 117.6 357.0
745 78.5 303.0
746 53.9 106.0
747 81.5 213.0
748 121.6 339.0
749 40.6 91.0
750 105.8 277.0
751 69.7 200.0
752 216.4 373.0
753 81.2 269.0
754 182.8 419.0
755 64.6 261.0
756 141.5 390.0
757 42.7 91.0
758 17.0 45.0
759 58.4 363.0
760 26.5 61.0
761 88.4 390.0
762 122.4 340.0
763 51.7 109.0
764 81.0 337.0
765 86.9 336.0
766 44.7 98.0
767 59.5 96.0
768 42.1 88.0
769 64.2 169.0
770 82.6 336.0
771 103.1 333.0
772 48.6 128.0
773 69.9 359.0
774 105.4 360.0
775 63.1 108.0
776 39.1 84.0
777 105.2 360.0
778 48.7 124.0
779 94.2 335.0
780 49.5 93.0
781 87.0 293.0
782 107.5 354.0
783 39.7 73.0
784 110.4 377.0
785 62.3 243.0
786 72.4 260.0
787 61.5 93.0
788 64.0 113.0
789 84.2 269.0
790 57.2 112.0
791 74.8 191.0
792 78.6 342.0
793 94.3 308.0
794 90.0 244.0
795 89.1 338.0
796 76.3 333.0
797 73.9 290.0
798 32.3 67.0
799 70.3 203.0
800 47.6 100.0
801 97.4 361.0
802 23.9 53.0
803 45.4 114.0
804 36.4 72.0
805 72.0 366.0
806 74.2 333.0
807 106.4 335.0
808 59.3 166.0
809 64.9 278.0
810 47.7 73.0
811 59.3 252.0
812 59.8 197.0
813 40.3 105.0
814 87.0 358.0
815 82.7 248.0
816 98.5 319.0
817 109.7 372.0
818 50.6 245.0
819 71.9 340.0
820 48.2 111.0
821 91.0 343.0
822 106.7 317.0
823 80.2 345.0
824 102.2 261.0
825 68.6 320.0
826 98.5 328.0
827 122.7 351.0
828 120.8 356.0
829 126.8 322.0
830 93.6 301.0
831 107.9 354.0
832 128.7 386.0
833 115.5 329.0
834 141.0 315.0
835 95.8 321.0
836 121.9 325.0
837 65.0 204.0
838 64.9 347.0
839 84.7 242.0
840 107.8 355.0
841 145.2 350.0
842 116.4 317.0
843 132.6 335.0
844 68.0 180.0
845 66.2 125.0
846 58.4 116.0
847 50.2 148.0
848 14.6 86.0
849 29.5 75.0
850 65.7 281.0
851 69.7 172.0
852 29.0 98.0
853 33.1 124.0
854 59.7 341.0
855 70.7 365.0
856 47.6 271.0
857 33.0 103.0
858 49.7 253.0
859 34.4 185.0
860 41.2 314.0
861 13.2 29.0
862 32.9 99.0
863 16.3 33.0
864 44.3 99.0
865 36.5 107.0
866 51.3 206.0
867 19.1 55.0
868 67.8 309.0
869 50.8 341.0
870 43.8 224.0
871 16.4 65.0
872 87.7 315.0
873 92.6 361.0
874 24.9 66.0
875 47.5 119.0
876 126.3 382.0
877 124.6 334.0
878 117.2 386.0
879 97.7 318.0
880 84.6 359.0
881 152.7 382.0
882 91.3 401.0
883 68.0 175.0
884 32.8 105.0
885 46.8 122.0
886 30.1 98.0
887 51.0 243.0
888 99.3 402.0
889 65.0 265.0
890 41.5 101.0
891 77.5 358.0
892 34.6 69.0
893 36.8 98.0
894 31.6 68.0
895 92.7 305.0
896 98.7 374.0
897 104.0 325.0
898 75.2 339.0
899 53.1 158.0
900 44.8 122.0
901 40.5 92.0
902 68.9 224.0
903 98.5 332.0
904 82.0 340.0
905 63.4 296.0
906 71.5 386.0
907 31.1 99.0
908 35.8 61.0
909 40.5 176.0
910 33.9 114.0
911 52.1 88.0
912 47.4 105.0
913 43.2 246.0
914 63.6 350.0
915 66.9 279.0
916 87.1 329.0
917 106.5 325.0
918 33.1 98.0
919 41.2 90.0
920 40.8 88.0
921 123.2 353.0
922 58.5 124.0
923 119.9 392.0
924 31.7 79.0
925 117.9 332.0
926 104.9 380.0
927 49.2 100.0
928 75.7 284.0
929 67.6 276.0
930 34.1 125.0
931 45.3 124.0
932 64.7 329.0
933 85.6 304.0
934 79.7 197.0
935 75.6 225.0
936 134.0 411.0
937 80.5 155.0
938 97.6 339.0
939 117.6 363.0
940 97.2 340.0
941 89.7 211.0
942 90.5 388.0
943 77.7 355.0
944 58.7 123.0
945 62.0 190.0
946 107.2 325.0
947 92.0 335.0
948 77.0 216.0
949 51.2 115.0
950 104.4 400.0
951 60.5 115.0
952 98.8 282.0
953 60.2 132.0
954 147.1 358.0
955 90.8 334.0
956 59.8 106.0
957 87.7 291.0
958 37.5 66.0
959 31.1 48.0
960 81.1 288.0
961 94.8 257.0
962 123.5 327.0
963 62.3 160.0
964 73.8 174.0
965 56.5 107.0
966 46.0 80.0
967 64.5 229.0
968 91.1 331.0
969 77.3 287.0
970 131.0 380.0
971 70.5 280.0
972 127.5 385.0
973 117.2 364.0
974 121.5 372.0
975 38.9 89.0
976 134.7 394.0
977 71.1 166.0
978 49.0 212.0
979 46.8 238.0
980 25.3 56.0
981 52.9 103.0
982 73.4 288.0
983 76.3 182.0
984 59.9 170.0
985 133.9 320.0
986 83.6 349.0
987 56.5 106.0
988 26.8 52.0
989 31.8 93.0
990 77.8 329.0
991 83.2 392.0
992 98.3 363.0
993 53.0 105.0
994 128.7 398.0
995 123.4 358.0
996 80.6 258.0
997 75.4 347.0
998 127.9 355.0
999 129.3 397.0
