0 1.0 2.0
1 1.5 6.0
2 1.3 4.0
3 0.9 2.0
4 1.1 3.0
5 0.9 3.0
6 1.1 3.0
7 1.1 4.0
8 1.5 4.0
9 1.4 3.0
10 1.8 4.0
11 0.8 2.0
12 1.0 2.0
13 1.4 3.0
14 1.6 4.0
15 0.7 4.0
16 1.1 3.0
17 0.9 3.0
18 0.3 1.0
19 0.6 1.0
20 1.3 3.0
21 0.7 2.0
22 1.4 5.0
23 1.2 3.0
24 1.0 4.0
25 1.9 5.0
26 1.3 5.0
27 1.1 3.0
28 1.3 3.0
29 1.7 2.0
30 0.8 2.0
31 1.2 3.0
32 0.4 3.0
33 1.1 3.0
34 1.3 3.0
35 1.0 2.0
36 1.2 2.0
37 0.6 2.0
38 1.3 4.0
39 0.8 2.0
40 1.1 3.0
41 0.5 3.0
42 1.5 4.0
43 1.6 4.0
44 0.8 2.0
45 1.3 3.0
46 0.8 4.0
47 0.8 5.0
48 0.7 2.0
49 1.3 3.0
50 0.9 4.0
51 0.9 5.0
52 1.1 3.0
53 1.0 3.0
54 1.0 3.0
55 1.0 3.0
56 1.0 3.0
57 1.2 3.0
58 1.2 4.0
59 1.3 3.0
60 0.7 2.0
61 1.7 5.0
62 1.6 3.0
63 0.8 1.0
64 1.4 3.0
65 1.0 3.0
66 0.8 3.0
67 1.0 2.0
68 0.9 3.0
69 2.3 8.0
70 1.0 3.0
71 0.8 3.0
72 0.9 3.0
73 0.8 3.0
74 1.3 2.0
75 1.4 3.0
76 1.1 3.0
77 0.6 3.0
78 0.6 2.0
79 0.6 2.0
80 0.7 4.0
81 0.5 2.0
82 1.6 4.0
83 1.6 7.0
84 2.0 7.0
85 2.2 7.0
86 2.7 5.0
87 1.4 3.0
88 1.8 4.0
89 2.4 7.0
90 2.4 11.0
91 1.9 5.0
92 2.0 5.0
93 1.2 3.0
94 1.6 3.0
95 2.0 4.0
96 2.2 5.0
97 1.9 6.0
98 2.2 4.0
99 2.8 5.0
100 3.9 10.0
101 2.2 4.0
102 2.0 3.0
103 1.4 4.0
104 2.6 4.0
105 3.3 6.0
106 4.0 9.0
107 3.8 11.0
108 3.5 8.0
109 3.8 12.0
110 3.1 6.0
111 1.4 4.0
112 4.9 12.0
113 6.5 12.0
114 7.9 13.0
115 9.3 20.0
116 7.4 15.0
117 10.8 17.0
118 11.3 22.0
119 9.7 16.0
120 10.7 16.0
121 10.6 17.0
122 8.7 14.0
123 10.5 19.0
124 9.6 17.0
125 11.9 15.0
126 14.2 24.0
127 10.5 19.0
128 12.5 24.0
129 13.8 22.0
130 11.7 18.0
131 15.0 22.0
132 13.1 18.0
133 10.6 17.0
134 11.6 20.0
135 13.1 17.0
136 10.4 18.0
137 14.0 31.0
138 16.0 27.0
139 18.9 33.0
140 22.0 37.0
141 20.7 32.0
142 20.5 29.0
143 23.6 36.0
144 20.6 32.0
145 22.1 30.0
146 25.1 53.0
147 19.5 29.0
148 23.5 32.0
149 19.9 35.0
150 25.2 31.0
151 19.4 23.0
152 24.9 35.0
153 20.8 34.0
154 21.0 33.0
155 22.8 30.0
156 24.3 48.0
157 22.8 42.0
158 26.7 45.0
159 26.3 40.0
160 27.2 34.0
161 26.3 36.0
162 22.8 35.0
163 21.0 32.0
164 23.1 40.0
165 26.6 42.0
166 21.7 34.0
167 25.0 40.0
168 25.3 41.0
169 29.3 47.0
170 26.0 53.0
171 27.3 43.0
172 29.6 47.0
173 26.2 42.0
174 27.5 40.0
175 28.1 40.0
176 23.9 38.0
177 23.6 39.0
178 23.4 43.0
179 28.3 38.0
180 33.6 50.0
181 29.1 50.0
182 35.4 53.0
183 28.1 46.0
184 31.9 68.0
185 30.9 43.0
186 26.4 38.0
187 28.1 41.0
188 27.0 35.0
189 33.3 53.0
190 30.2 46.0
191 29.1 38.0
192 27.8 47.0
193 30.5 54.0
194 25.2 43.0
195 27.7 47.0
196 39.6 52.0
197 32.4 50.0
198 31.6 54.0
199 36.5 75.0
200 30.8 45.0
201 24.6 34.0
202 34.6 55.0
203 31.1 46.0
204 30.3 46.0
205 29.0 46.0
206 23.8 40.0
207 26.1 43.0
208 24.4 39.0
209 26.0 44.0
210 28.8 47.0
211 26.9 41.0
212 27.3 34.0
213 27.0 35.0
214 27.4 42.0
215 28.3 37.0
216 29.0 42.0
217 27.8 42.0
218 28.5 41.0
219 32.1 45.0
220 31.8 47.0
221 32.0 59.0
222 34.4 59.0
223 25.9 37.0
224 37.8 60.0
225 32.5 79.0
226 33.6 48.0
227 30.9 56.0
228 34.6 63.0
229 30.5 43.0
230 35.2 51.0
231 32.4 49.0
232 36.7 58.0
233 33.1 45.0
234 36.5 58.0
235 29.0 37.0
236 33.7 56.0
237 33.1 68.0
238 26.7 37.0
239 35.7 58.0
240 32.9 46.0
241 36.8 66.0
242 24.0 52.0
243 40.0 63.0
244 30.2 48.0
245 44.0 72.0
246 39.3 71.0
247 39.5 54.0
248 29.1 51.0
249 30.7 43.0
250 38.3 64.0
251 35.4 52.0
252 38.6 62.0
253 40.1 70.0
254 35.4 54.0
255 42.0 58.0
256 49.0 68.0
257 38.5 74.0
258 48.6 78.0
259 45.8 70.0
260 47.2 80.0
261 50.8 77.0
262 51.4 70.0
263 43.4 69.0
264 55.2 82.0
265 40.2 69.0
266 43.9 79.0
267 43.4 95.0
268 45.9 62.0
269 45.1 70.0
270 38.3 68.0
271 42.4 59.0
272 36.7 69.0
273 41.5 63.0
274 42.2 59.0
275 42.1 60.0
276 50.3 88.0
277 45.4 67.0
278 39.8 54.0
279 42.2 61.0
280 37.6 55.0
281 58.7 215.0
282 39.1 74.0
283 40.8 69.0
284 35.3 70.0
285 66.2 353.0
286 47.2 69.0
287 57.5 75.0
288 44.4 92.0
289 67.5 166.0
290 60.2 120.0
291 58.0 95.0
292 55.6 77.0
293 47.7 113.0
294 46.2 107.0
295 53.8 172.0
296 40.4 95.0
297 45.1 69.0
298 63.0 82.0
299 58.1 154.0
300 54.2 173.0
301 44.6 81.0
302 43.4 61.0
303 47.8 123.0
304 38.9 56.0
305 49.8 170.0
306 34.4 58.0
307 46.0 90.0
308 45.1 91.0
309 58.7 193.0
310 55.9 142.0
311 78.5 246.0
312 80.4 268.0
313 38.6 74.0
314 42.5 86.0
315 35.3 72.0
316 44.5 91.0
317 35.7 102.0
318 54.5 206.0
319 45.1 73.0
320 50.9 206.0
321 69.5 307.0
322 88.0 276.0
323 49.6 140.0
324 74.9 223.0
325 49.4 173.0
326 62.8 191.0
327 28.5 60.0
328 67.6 174.0
329 50.1 103.0
330 73.1 219.0
331 48.5 90.0
332 67.6 281.0
333 79.2 265.0
334 60.9 160.0
335 57.4 243.0
336 43.4 117.0
337 50.5 113.0
338 45.6 80.0
339 80.0 296.0
340 55.8 143.0
341 44.4 142.0
342 40.8 64.0
343 76.1 278.0
344 54.8 255.0
345 44.4 80.0
346 88.4 230.0
347 54.9 124.0
348 62.7 147.0
349 110.3 225.0
350 73.4 245.0
351 57.4 277.0
352 30.8 77.0
353 109.3 280.0
354 31.9 64.0
355 30.7 96.0
356 47.0 152.0
357 54.5 159.0
358 40.6 98.0
359 51.9 140.0
360 49.1 222.0
361 38.9 71.0
362 90.9 294.0
363 33.6 51.0
364 47.3 194.0
365 68.5 306.0
366 58.0 220.0
367 91.4 265.0
368 79.4 208.0
369 80.2 211.0
370 109.4 219.0
371 120.9 372.0
372 56.5 183.0
373 84.3 373.0
374 57.0 167.0
375 77.3 345.0
376 47.5 257.0
377 87.3 376.0
378 44.7 194.0
379 56.0 194.0
380 47.8 106.0
381 33.8 59.0
382 62.5 334.0
383 57.2 102.0
384 58.7 185.0
385 66.0 203.0
386 66.2 180.0
387 37.7 83.0
388 48.4 155.0
389 54.0 235.0
390 41.2 82.0
391 48.0 243.0
392 85.1 333.0
393 65.3 187.0
394 35.5 85.0
395 40.6 120.0
396 63.1 226.0
397 83.0 205.0
398 71.4 220.0
399 103.2 268.0
400 81.8 353.0
401 56.0 86.0
402 66.7 167.0
403 82.3 227.0
404 81.1 230.0
405 27.7 47.0
406 58.1 221.0
407 105.8 401.0
408 81.1 213.0
409 67.3 220.0
410 75.4 241.0
411 63.1 154.0
412 102.8 227.0
413 70.6 164.0
414 86.4 288.0
415 49.8 110.0
416 128.4 305.0
417 46.6 155.0
418 43.5 80.0
419 44.7 77.0
420 57.0 205.0
421 40.6 98.0
422 61.5 146.0
423 104.6 330.0
424 57.4 189.0
425 97.2 345.0
426 40.6 74.0
427 52.9 159.0
428 59.8 183.0
429 82.9 378.0
430 79.0 257.0
431 66.3 359.0
432 45.1 130.0
433 54.4 194.0
434 43.1 242.0
435 44.8 95.0
436 34.6 50.0
437 83.5 317.0
438 89.4 193.0
439 60.8 223.0
440 119.5 293.0
441 86.7 221.0
442 103.3 255.0
443 50.3 170.0
444 34.1 59.0
445 76.2 229.0
446 154.6 295.0
447 33.1 60.0
448 58.1 122.0
449 68.9 205.0
450 92.7 256.0
451 80.3 183.0
452 109.6 265.0
453 83.3 148.0
454 110.3 326.0
455 84.4 206.0
456 119.4 314.0
457 117.3 312.0
458 123.9 422.0
459 59.3 282.0
460 92.8 203.0
461 121.9 349.0
462 109.6 207.0
463 72.7 259.0
464 58.6 249.0
465 47.9 91.0
466 32.3 90.0
467 80.5 252.0
468 92.4 317.0
469 60.6 220.0
470 36.0 68.0
471 40.3 81.0
472 101.7 362.0
473 60.1 181.0
474 77.5 286.0
475 48.7 119.0
476 41.5 94.0
477 41.0 100.0
478 76.7 294.0
479 65.5 233.0
480 56.5 153.0
481 56.5 250.0
482 59.1 212.0
483 62.0 152.0
484 63.8 96.0
485 76.8 266.0
486 45.1 88.0
487 41.4 101.0
488 103.4 258.0
489 106.0 272.0
490 112.8 288.0
491 69.9 341.0
492 102.6 255.0
493 86.5 212.0
494 137.4 267.0
495 73.6 345.0
496 68.6 228.0
497 73.3 302.0
498 82.7 266.0
499 121.2 270.0
500 63.3 361.0
501 92.2 268.0
502 100.6 259.0
503 105.5 346.0
504 102.9 331.0
505 131.1 407.0
506 114.3 298.0
507 161.0 357.0
508 144.6 368.0
509 160.4 325.0
510 87.3 200.0
511 105.4 325.0
512 110.5 371.0
513 91.5 301.0
514 81.4 321.0
515 144.6 408.0
516 131.9 346.0
517 61.4 181.0
518 75.6 334.0
519 74.7 244.0
520 17.0 32.0
521 22.8 71.0
522 129.8 361.0
523 102.2 341.0
524 49.9 198.0
525 140.1 368.0
526 100.7 333.0
527 82.3 231.0
528 54.7 106.0
529 83.9 284.0
530 91.4 320.0
531 69.8 261.0
532 80.5 217.0
533 134.0 343.0
534 75.4 295.0
535 53.0 96.0
536 113.8 340.0
537 59.2 94.0
538 60.0 102.0
539 95.3 351.0
540 54.2 146.0
541 122.8 326.0
542 73.6 260.0
543 102.4 361.0
544 65.3 197.0
545 51.3 192.0
546 82.2 263.0
547 56.5 246.0
548 44.5 111.0
549 75.7 256.0
550 60.2 343.0
551 57.9 203.0
552 63.6 391.0
553 41.0 196.0
554 18.5 71.0
555 41.0 190.0
556 29.1 71.0
557 43.2 195.0
558 89.0 259.0
559 97.0 357.0
560 54.7 201.0
561 73.8 270.0
562 46.8 79.0
563 73.6 131.0
564 121.5 389.0
565 74.4 234.0
566 122.9 333.0
567 125.7 278.0
568 97.7 209.0
569 77.6 227.0
570 99.4 353.0
571 94.5 281.0
572 199.0 374.0
573 84.9 386.0
574 22.3 69.0
575 59.2 310.0
576 34.3 67.0
577 69.1 332.0
578 156.4 352.0
579 82.1 315.0
580 90.9 277.0
581 72.1 288.0
582 103.9 283.0
583 83.2 342.0
584 148.9 385.0
585 142.4 363.0
586 103.2 375.0
587 136.4 321.0
588 138.3 334.0
589 88.3 248.0
590 128.7 416.0
591 145.4 414.0
592 93.3 346.0
593 88.5 315.0
594 113.0 346.0
595 113.2 313.0
596 169.8 363.0
597 55.3 221.0
598 143.7 322.0
599 32.2 57.0
600 134.3 353.0
601 85.8 306.0
602 101.3 352.0
603 159.6 369.0
604 98.1 321.0
605 129.3 305.0
606 160.4 361.0
607 201.3 345.0
608 213.5 347.0
609 124.1 324.0
610 185.5 383.0
611 162.5 396.0
612 144.8 366.0
613 117.2 336.0
614 133.8 404.0
615 92.0 350.0
616 99.9 330.0
617 98.7 351.0
618 62.6 116.0
619 100.7 339.0
620 125.4 388.0
621 133.7 371.0
622 115.6 345.0
623 106.1 329.0
624 103.2 281.0
625 68.2 259.0
626 53.9 169.0
627 106.1 334.0
628 89.5 382.0
629 79.6 352.0
630 95.9 366.0
631 75.0 336.0
632 155.5 403.0
633 112.1 302.0
634 45.9 88.0
635 20.4 50.0
636 58.0 311.0
637 61.2 275.0
638 105.5 342.0
639 47.3 164.0
640 171.9 344.0
641 135.9 313.0
642 116.6 345.0
643 133.4 315.0
644 108.4 289.0
645 100.8 382.0
646 70.6 275.0
647 52.5 81.0
648 128.0 362.0
649 144.7 388.0
650 71.2 368.0
651 101.7 385.0
652 88.7 324.0
653 71.6 277.0
654 43.8 81.0
655 143.5 357.0
656 157.7 341.0
657 83.2 227.0
658 105.3 313.0
659 148.8 376.0
660 190.4 398.0
661 59.7 357.0
662 162.3 391.0
663 61.0 280.0
664 131.0 385.0
665 65.5 311.0
666 149.8 378.0
667 116.6 343.0
668 147.6 408.0
669 79.5 352.0
670 50.2 177.0
671 102.6 337.0
672 119.8 342.0
673 26.9 56.0
674 67.1 247.0
675 56.0 360.0
676 36.6 86.0
677 67.7 345.0
678 95.5 341.0
679 174.4 399.0
680 176.5 348.0
681 153.6 421.0
682 101.3 337.0
683 66.1 292.0
684 100.6 319.0
685 107.4 332.0
686 120.1 347.0
687 79.4 330.0
688 105.0 279.0
689 72.6 265.0
690 76.8 282.0
691 89.1 283.0
692 128.7 375.0
693 112.6 379.0
694 104.0 290.0
695 56.6 182.0
696 98.0 271.0
697 75.3 346.0
698 95.7 329.0
699 66.2 316.0
700 117.7 384.0
701 123.9 377.0
702 167.9 392.0
703 137.9 298.0
704 115.1 345.0
705 86.0 333.0
706 86.9 254.0
707 49.9 95.0
708 115.5 311.0
709 45.0 92.0
710 110.9 386.0
711 175.7 419.0
712 91.2 388.0
713 58.8 110.0
714 91.3 389.0
715 71.8 382.0
716 82.6 378.0
717 147.3 367.0
718 104.4 367.0
719 192.0 390.0
720 104.2 397.0
721 126.9 382.0
722 104.0 371.0
723 170.5 385.0
724 66.2 413.0
725 124.3 365.0
726 64.6 292.0
727 90.9 218.0
728 134.4 390.0
729 121.6 342.0
730 116.0 332.0
731 156.8 342.0
732 164.8 407.0
733 125.9 374.0
734 110.1 393.0
735 144.0 334.0
736 101.2 321.0
737 101.1 312.0
738 126.1 411.0
739 140.4 396.0
740 108.9 345.0
741 71.5 246.0
742 160.0 374.0
743 154.2 311.0
744 138.8 396.0
745 59.3 207.0
746 124.7 344.0
747 101.5 318.0
748 83.6 326.0
749 140.9 389.0
750 147.2 340.0
751 65.1 290.0
752 70.3 327.0
753 107.5 390.0
754 91.0 350.0
755 146.8 351.0
756 101.7 371.0
757 141.2 335.0
758 67.4 373.0
759 141.8 388.0
760 131.0 363.0
761 142.9 408.0
762 116.1 340.0
763 148.3 370.0
764 144.6 361.0
765 127.5 333.0
766 114.3 361.0
767 31.1 60.0
768 95.7 393.0
769 117.1 316.0
770 61.6 205.0
771 162.5 360.0
772 186.5 340.0
773 140.0 386.0
774 142.2 375.0
775 72.7 330.0
776 106.5 393.0
777 211.9 414.0
778 89.4 373.0
779 173.3 355.0
780 41.7 157.0
781 94.9 375.0
782 31.0 48.0
783 105.0 370.0
784 143.7 348.0
785 120.9 393.0
786 174.0 382.0
787 179.6 416.0
788 154.4 399.0
789 113.7 384.0
790 53.6 95.0
791 141.4 351.0
792 106.7 361.0
793 138.9 318.0
794 29.5 69.0
795 41.2 136.0
796 105.4 377.0
797 147.8 376.0
798 115.7 341.0
799 147.0 393.0
800 115.2 367.0
801 70.1 307.0
802 93.6 369.0
803 45.5 224.0
804 139.0 337.0
805 105.8 414.0
806 156.2 351.0
807 142.9 389.0
808 162.3 356.0
809 119.9 366.0
810 170.4 399.0
811 100.9 393.0
812 114.7 321.0
813 70.2 325.0
814 67.0 362.0
815 41.2 105.0
816 40.6 95.0
817 63.5 255.0
818 65.2 277.0
819 46.5 93.0
820 155.2 389.0
821 80.5 282.0
822 109.1 373.0
823 63.5 254.0
824 81.4 340.0
825 56.0 161.0
826 88.2 250.0
827 102.0 333.0
828 110.8 333.0
829 156.7 352.0
830 89.3 297.0
831 138.4 355.0
832 71.0 363.0
833 96.1 361.0
834 131.4 269.0
835 98.0 366.0
836 87.0 268.0
837 94.4 346.0
838 63.0 336.0
839 108.2 388.0
840 121.9 344.0
841 130.9 366.0
842 217.3 390.0
843 139.2 354.0
844 208.2 362.0
845 149.6 414.0
846 142.0 279.0
847 78.1 179.0
848 184.7 392.0
849 151.3 352.0
850 76.9 329.0
851 134.5 359.0
852 123.3 369.0
853 148.7 338.0
854 158.0 323.0
855 92.3 299.0
856 249.1 415.0
857 152.7 394.0
858 123.1 382.0
859 209.8 372.0
860 155.2 334.0
861 80.4 384.0
862 64.3 250.0
863 113.4 358.0
864 80.6 367.0
865 158.3 335.0
866 84.7 326.0
867 170.3 401.0
868 202.7 400.0
869 122.6 347.0
870 112.4 392.0
871 176.7 371.0
872 152.1 342.0
873 155.0 314.0
874 116.7 414.0
875 124.9 423.0
876 103.1 400.0
877 187.2 378.0
878 94.3 346.0
879 209.4 396.0
880 156.0 360.0
881 152.7 365.0
882 121.1 338.0
883 167.7 403.0
884 110.6 264.0
885 216.6 407.0
886 121.7 335.0
887 166.2 394.0
888 159.9 411.0
889 146.5 404.0
890 128.8 385.0
891 125.4 340.0
892 95.8 339.0
893 83.3 347.0
894 129.3 383.0
895 133.6 332.0
896 142.1 345.0
897 152.0 392.0
898 182.0 391.0
899 65.0 228.0
900 95.9 366.0
901 133.9 361.0
902 115.3 364.0
903 181.1 398.0
904 123.1 368.0
905 137.6 375.0
906 150.5 355.0
907 102.5 266.0
908 81.5 338.0
909 105.2 271.0
910 156.7 387.0
911 126.4 331.0
912 152.5 357.0
913 161.5 365.0
914 92.4 391.0
915 119.4 360.0
916 104.9 304.0
917 157.4 398.0
918 103.3 362.0
919 92.0 316.0
920 116.3 358.0
921 220.3 359.0
922 131.8 348.0
923 84.8 346.0
924 156.3 412.0
925 130.6 319.0
926 253.6 379.0
927 203.6 376.0
928 145.5 326.0
929 156.6 386.0
930 135.0 360.0
931 164.6 415.0
932 86.6 291.0
933 124.0 356.0
934 86.8 294.0
935 135.7 399.0
936 132.2 329.0
937 62.1 202.0
938 236.0 397.0
939 156.6 371.0
940 265.6 399.0
941 80.7 295.0
942 163.9 379.0
943 77.5 260.0
944 81.6 362.0
945 124.3 381.0
946 147.6 370.0
947 209.9 415.0
948 193.9 376.0
949 128.6 408.0
950 158.7 369.0
951 112.3 386.0
952 152.6 322.0
953 165.4 384.0
954 74.8 321.0
955 109.6 312.0
956 154.8 383.0
957 129.2 353.0
958 140.9 369.0
959 95.4 358.0
960 92.1 295.0
961 171.8 414.0
962 131.2 395.0
963 161.4 378.0
964 185.5 416.0
965 126.3 387.0
966 171.7 391.0
967 63.4 355.0
968 158.8 361.0
969 117.1 414.0
970 144.9 300.0
971 108.8 366.0
972 77.8 350.0
973 97.7 280.0
974 182.7 395.0
975 113.0 304.0
976 153.4 415.0
977 145.0 348.0
978 135.9 403.0
979 136.1 348.0
980 74.6 360.0
981 134.4 402.0
982 196.0 392.0
983 167.2 409.0
984 178.6 358.0
985 110.3 221.0
986 133.4 348.0
987 178.9 372.0
988 256.9 401.0
989 124.9 316.0
990 152.5 384.0
991 96.6 270.0
992 98.3 300.0
993 87.8 343.0
994 152.8 392.0
995 160.3 336.0
996 134.8 345.0
997 169.9 379.0
998 167.6 389.0
999 82.6 353.0
