0 0.9 2.0
1 0.6 2.0
2 1.3 3.0
3 0.6 1.0
4 1.0 3.0
5 1.2 4.0
6 1.1 3.0
7 1.0 3.0
8 1.1 2.0
9 1.6 3.0
10 1.5 5.0
11 0.9 2.0
12 1.4 5.0
13 1.6 3.0
14 0.7 2.0
15 1.9 6.0
16 0.7 1.0
17 0.5 3.0
18 0.9 3.0
19 1.2 3.0
20 0.5 1.0
21 1.0 4.0
22 0.5 1.0
23 0.8 3.0
24 1.0 3.0
25 1.1 4.0
26 0.8 3.0
27 0.3 1.0
28 0.8 2.0
29 1.7 5.0
30 0.9 2.0
31 1.7 4.0
32 2.3 6.0
33 1.5 4.0
34 1.6 8.0
35 0.9 2.0
36 1.2 3.0
37 1.0 2.0
38 2.2 7.0
39 1.4 3.0
40 1.2 4.0
41 1.5 5.0
42 1.2 3.0
43 1.4 4.0
44 1.0 4.0
45 1.0 4.0
46 1.3 3.0
47 1.5 5.0
48 1.1 2.0
49 1.5 3.0
50 1.6 3.0
51 0.9 3.0
52 1.5 4.0
53 1.3 4.0
54 1.5 3.0
55 1.3 3.0
56 1.8 6.0
57 0.9 2.0
58 1.4 4.0
59 1.7 4.0
60 0.9 2.0
61 0.7 2.0
62 1.4 3.0
63 0.8 3.0
64 1.7 4.0
65 1.0 3.0
66 1.6 4.0
67 0.8 3.0
68 0.6 3.0
69 1.2 2.0
70 1.8 4.0
71 1.2 4.0
72 2.0 4.0
73 1.6 4.0
74 1.4 4.0
75 1.6 4.0
76 1.9 4.0
77 1.3 3.0
78 1.4 5.0
79 1.5 6.0
80 1.3 4.0
81 1.9 4.0
82 2.0 4.0
83 1.9 3.0
84 1.7 3.0
85 1.1 3.0
86 1.1 4.0
87 1.4 4.0
88 1.3 3.0
89 1.3 3.0
90 1.7 4.0
91 1.3 4.0
92 1.5 4.0
93 1.2 4.0
94 1.6 4.0
95 2.0 4.0
96 2.0 7.0
97 1.8 4.0
98 1.3 3.0
99 3.2 7.0
100 2.3 6.0
101 2.2 4.0
102 2.1 5.0
103 2.8 8.0
104 3.1 8.0
105 2.3 4.0
106 2.4 7.0
107 3.2 8.0
108 3.5 9.0
109 3.9 7.0
110 3.0 4.0
111 3.7 6.0
112 5.9 12.0
113 5.1 12.0
114 4.4 11.0
115 5.2 13.0
116 4.9 11.0
117 3.1 8.0
118 5.1 11.0
119 7.2 18.0
120 4.1 11.0
121 6.0 11.0
122 6.1 14.0
123 5.5 9.0
124 5.1 11.0
125 7.1 12.0
126 8.4 17.0
127 8.4 17.0
128 8.5 15.0
129 10.0 17.0
130 12.6 22.0
131 13.7 21.0
132 12.8 21.0
133 10.8 19.0
134 9.7 18.0
135 12.9 18.0
136 14.2 22.0
137 15.3 23.0
138 11.9 17.0
139 16.9 25.0
140 12.9 20.0
141 13.7 20.0
142 14.6 20.0
143 13.4 20.0
144 13.6 30.0
145 11.6 21.0
146 10.0 15.0
147 15.0 22.0
148 11.4 20.0
149 14.5 37.0
150 15.0 25.0
151 18.8 31.0
152 14.9 32.0
153 17.5 23.0
154 19.2 26.0
155 16.8 24.0
156 18.7 30.0
157 21.8 31.0
158 17.7 32.0
159 17.5 33.0
160 21.2 28.0
161 23.1 42.0
162 18.4 24.0
163 20.4 31.0
164 22.2 35.0
165 20.1 30.0
166 20.9 39.0
167 18.4 26.0
168 20.9 33.0
169 23.5 31.0
170 24.6 40.0
171 22.3 30.0
172 24.7 32.0
173 21.9 30.0
174 21.5 38.0
175 27.0 61.0
176 27.6 46.0
177 21.5 31.0
178 29.1 38.0
179 30.7 42.0
180 21.9 32.0
181 28.5 44.0
182 25.5 36.0
183 24.3 37.0
184 27.9 37.0
185 29.8 37.0
186 28.5 46.0
187 26.8 37.0
188 25.7 39.0
189 19.9 26.0
190 23.6 34.0
191 27.6 34.0
192 21.5 39.0
193 26.2 47.0
194 30.3 43.0
195 25.1 46.0
196 31.5 38.0
197 27.6 38.0
198 24.5 36.0
199 28.4 54.0
200 30.0 48.0
201 31.5 44.0
202 39.0 71.0
203 31.1 49.0
204 33.5 42.0
205 28.0 42.0
206 24.7 50.0
207 31.3 56.0
208 27.7 46.0
209 27.5 40.0
210 26.5 42.0
211 26.9 42.0
212 29.8 60.0
213 33.0 49.0
214 31.6 49.0
215 31.6 44.0
216 32.1 58.0
217 35.5 43.0
218 28.3 40.0
219 35.0 49.0
220 34.1 60.0
221 31.2 41.0
222 37.1 48.0
223 33.5 45.0
224 35.4 46.0
225 29.0 37.0
226 32.3 70.0
227 32.3 46.0
228 29.9 52.0
229 26.9 45.0
230 20.6 30.0
231 34.3 42.0
232 33.3 51.0
233 28.7 48.0
234 28.4 49.0
235 29.2 50.0
236 30.8 51.0
237 32.1 46.0
238 36.1 60.0
239 34.2 55.0
240 32.3 43.0
241 31.1 50.0
242 36.7 52.0
243 36.0 50.0
244 38.7 65.0
245 38.8 74.0
246 30.7 42.0
247 43.5 62.0
248 46.5 82.0
249 39.4 57.0
250 37.4 58.0
251 38.5 57.0
252 42.6 58.0
253 45.0 66.0
254 42.0 58.0
255 52.9 89.0
256 44.8 72.0
257 42.3 51.0
258 47.8 59.0
259 49.0 71.0
260 47.5 74.0
261 47.9 73.0
262 34.0 51.0
263 45.1 70.0
264 34.8 55.0
265 32.4 62.0
266 31.5 53.0
267 35.9 58.0
268 39.8 59.0
269 38.0 59.0
270 47.8 70.0
271 38.5 57.0
272 36.0 69.0
273 41.9 64.0
274 49.1 92.0
275 34.9 76.0
276 33.9 46.0
277 49.0 87.0
278 40.6 73.0
279 36.2 61.0
280 39.9 57.0
281 42.6 56.0
282 47.0 69.0
283 25.5 40.0
284 37.3 53.0
285 44.7 66.0
286 30.8 54.0
287 31.8 57.0
288 31.6 48.0
289 42.4 56.0
290 39.5 53.0
291 43.3 73.0
292 42.1 53.0
293 38.6 49.0
294 46.5 73.0
295 41.5 61.0
296 44.3 62.0
297 44.2 60.0
298 53.3 74.0
299 39.2 64.0
300 36.3 83.0
301 38.0 55.0
302 45.9 72.0
303 42.3 80.0
304 34.4 44.0
305 41.3 77.0
306 45.2 81.0
307 30.8 45.0
308 26.8 46.0
309 30.6 56.0
310 39.2 60.0
311 43.6 71.0
312 59.8 224.0
313 38.1 55.0
314 46.2 67.0
315 38.5 57.0
316 35.0 60.0
317 64.3 284.0
318 46.9 89.0
319 40.0 60.0
320 34.6 57.0
321 41.5 74.0
322 38.2 60.0
323 40.9 63.0
324 34.1 51.0
325 38.8 59.0
326 51.2 77.0
327 44.3 72.0
328 46.5 118.0
329 48.2 75.0
330 42.8 70.0
331 45.5 89.0
332 43.3 93.0
333 37.2 62.0
334 43.9 67.0
335 37.7 54.0
336 41.4 58.0
337 45.1 85.0
338 40.6 71.0
339 46.0 82.0
340 44.2 96.0
341 41.4 63.0
342 40.7 63.0
343 40.7 70.0
344 41.4 57.0
345 46.5 79.0
346 52.1 87.0
347 45.2 67.0
348 39.4 53.0
349 34.3 53.0
350 39.5 86.0
351 53.6 96.0
352 55.2 149.0
353 61.0 194.0
354 43.0 74.0
355 50.2 108.0
356 53.5 84.0
357 34.9 59.0
358 58.8 216.0
359 36.6 74.0
360 32.7 49.0
361 42.9 85.0
362 46.1 70.0
363 44.3 76.0
364 39.0 81.0
365 43.4 97.0
366 45.5 88.0
367 56.6 102.0
368 45.7 70.0
369 36.5 48.0
370 68.1 198.0
371 68.9 275.0
372 38.6 70.0
373 77.8 329.0
374 55.3 137.0
375 54.8 70.0
376 57.2 136.0
377 34.4 69.0
378 52.2 118.0
379 54.3 158.0
380 39.4 71.0
381 43.2 103.0
382 32.7 56.0
383 43.9 72.0
384 55.5 86.0
385 47.1 81.0
386 55.1 75.0
387 42.5 69.0
388 58.0 107.0
389 58.3 91.0
390 55.2 84.0
391 45.1 120.0
392 47.8 114.0
393 37.8 80.0
394 60.6 260.0
395 44.4 116.0
396 42.3 84.0
397 46.6 102.0
398 43.9 97.0
399 49.8 128.0
400 51.3 88.0
401 40.2 63.0
402 47.2 85.0
403 82.6 266.0
404 49.0 93.0
405 86.2 349.0
406 63.9 128.0
407 57.9 98.0
408 35.9 84.0
409 33.4 50.0
410 46.5 110.0
411 52.5 103.0
412 50.1 90.0
413 43.6 91.0
414 80.3 195.0
415 79.7 171.0
416 86.2 190.0
417 60.9 88.0
418 99.9 233.0
419 120.7 270.0
420 79.0 178.0
421 94.6 293.0
422 51.0 138.0
423 88.2 172.0
424 83.7 255.0
425 69.0 205.0
426 76.3 143.0
427 52.1 115.0
428 39.7 149.0
429 38.2 89.0
430 48.5 118.0
431 79.4 210.0
432 42.8 99.0
433 78.2 374.0
434 53.6 108.0
435 48.9 115.0
436 55.9 152.0
437 67.7 180.0
438 105.1 224.0
439 96.6 233.0
440 76.2 130.0
441 91.1 173.0
442 72.6 222.0
443 53.7 124.0
444 64.6 122.0
445 38.9 104.0
446 53.9 132.0
447 60.8 126.0
448 108.8 316.0
449 75.7 134.0
450 90.5 218.0
451 90.9 163.0
452 90.0 248.0
453 71.3 214.0
454 96.9 299.0
455 97.1 212.0
456 69.4 132.0
457 124.0 253.0
458 51.6 210.0
459 68.4 114.0
460 90.3 201.0
461 83.3 221.0
462 73.2 229.0
463 129.5 326.0
464 105.5 298.0
465 132.4 228.0
466 115.6 243.0
467 133.1 226.0
468 103.7 137.0
469 75.5 173.0
470 100.5 220.0
471 130.9 235.0
472 193.6 400.0
473 161.7 389.0
474 110.5 226.0
475 80.0 239.0
476 88.1 268.0
477 98.2 328.0
478 59.5 228.0
479 105.7 209.0
480 75.2 214.0
481 96.3 289.0
482 132.8 389.0
483 153.9 317.0
484 152.2 336.0
485 123.5 342.0
486 104.3 271.0
487 182.9 414.0
488 92.3 232.0
489 76.4 303.0
490 96.6 355.0
491 120.3 338.0
492 146.4 239.0
493 45.0 110.0
494 119.1 318.0
495 97.7 235.0
496 74.8 222.0
497 63.6 181.0
498 108.6 374.0
499 68.9 180.0
500 67.4 193.0
501 65.0 145.0
502 149.5 359.0
503 76.2 204.0
504 66.4 150.0
505 105.4 253.0
506 53.2 158.0
507 123.6 291.0
508 127.7 352.0
509 140.2 367.0
510 136.3 357.0
511 73.8 238.0
512 63.5 132.0
513 77.4 314.0
514 111.4 349.0
515 71.7 250.0
516 88.9 191.0
517 35.2 75.0
518 68.4 270.0
519 62.2 188.0
520 74.4 212.0
521 36.0 100.0
522 76.9 300.0
523 100.9 318.0
524 142.3 367.0
525 196.6 414.0
526 183.2 334.0
527 168.5 312.0
528 131.3 311.0
529 68.0 136.0
530 106.2 308.0
531 160.8 368.0
532 58.2 101.0
533 91.0 269.0
534 85.1 203.0
535 131.0 193.0
536 108.9 252.0
537 175.4 388.0
538 171.4 343.0
539 147.1 342.0
540 154.8 303.0
541 99.9 340.0
542 85.2 201.0
543 157.2 363.0
544 172.1 357.0
545 83.8 264.0
546 136.2 336.0
547 71.5 310.0
548 79.5 270.0
549 85.4 361.0
550 51.5 139.0
551 88.1 274.0
552 95.3 284.0
553 110.7 220.0
554 129.8 290.0
555 123.0 266.0
556 114.5 243.0
557 107.2 233.0
558 95.9 271.0
559 124.2 322.0
560 62.2 243.0
561 104.2 261.0
562 127.3 355.0
563 120.9 338.0
564 139.5 316.0
565 90.6 325.0
566 91.3 285.0
567 217.6 401.0
568 71.3 262.0
569 113.4 346.0
570 243.9 346.0
571 75.6 283.0
572 164.8 356.0
573 133.8 395.0
574 82.7 277.0
575 89.5 206.0
576 96.9 365.0
577 130.9 333.0
578 66.2 145.0
579 59.9 166.0
580 79.6 355.0
581 70.1 214.0
582 73.1 347.0
583 61.8 138.0
584 60.6 128.0
585 75.8 222.0
586 44.6 142.0
587 60.7 218.0
588 184.4 369.0
589 111.3 296.0
590 94.8 235.0
591 205.7 414.0
592 107.2 322.0
593 60.4 84.0
594 189.7 343.0
595 176.5 405.0
596 231.3 401.0
597 169.6 397.0
598 128.8 297.0
599 160.5 383.0
600 199.1 399.0
601 177.7 399.0
602 175.2 410.0
603 125.4 298.0
604 152.9 369.0
605 154.6 370.0
606 138.6 362.0
607 192.0 363.0
608 125.0 338.0
609 99.2 317.0
610 94.8 347.0
611 183.9 354.0
612 58.9 173.0
613 188.9 348.0
614 162.9 412.0
615 164.3 363.0
616 121.1 279.0
617 123.8 420.0
618 100.8 417.0
619 177.5 424.0
620 95.8 391.0
621 176.3 421.0
622 167.9 395.0
623 209.9 425.0
624 230.5 423.0
625 112.1 348.0
626 253.3 416.0
627 136.3 418.0
628 167.3 416.0
629 123.5 416.0
630 159.9 417.0
631 118.7 396.0
632 121.6 420.0
633 67.4 398.0
634 140.2 416.0
635 75.1 417.0
636 24.6 83.0
637 108.7 425.0
638 167.3 402.0
639 60.3 223.0
640 60.9 270.0
641 81.7 424.0
642 69.9 268.0
643 165.9 367.0
644 160.4 405.0
645 178.4 368.0
646 148.6 363.0
647 182.9 397.0
648 226.8 412.0
649 199.5 362.0
650 230.1 411.0
651 76.5 421.0
652 67.3 229.0
653 144.1 320.0
654 175.4 413.0
655 103.2 409.0
656 38.4 56.0
657 164.5 404.0
658 102.1 398.0
659 122.2 344.0
660 107.7 350.0
661 190.4 412.0
662 152.8 419.0
663 237.1 416.0
664 168.2 348.0
665 183.5 361.0
666 211.3 418.0
667 169.7 418.0
668 221.6 387.0
669 74.5 205.0
670 245.7 371.0
671 85.9 351.0
672 153.7 366.0
673 103.6 230.0
674 166.6 384.0
675 209.8 412.0
676 196.3 416.0
677 120.2 382.0
678 82.9 418.0
679 202.6 416.0
680 196.9 416.0
681 112.0 335.0
682 168.1 358.0
683 117.0 307.0
684 142.9 413.0
685 38.6 86.0
686 120.7 420.0
687 43.5 162.0
688 129.8 373.0
689 152.0 407.0
690 184.7 342.0
691 228.7 395.0
692 127.2 376.0
693 105.7 334.0
694 199.9 403.0
695 105.8 324.0
696 205.1 410.0
697 168.9 397.0
698 175.7 378.0
699 139.9 386.0
700 119.0 405.0
701 246.3 399.0
702 159.6 401.0
703 195.0 397.0
704 165.8 407.0
705 95.1 375.0
706 153.5 384.0
707 129.5 422.0
708 36.3 212.0
709 89.2 339.0
710 102.1 289.0
711 132.4 399.0
712 138.3 412.0
713 65.3 253.0
714 124.9 352.0
715 98.8 227.0
716 143.4 409.0
717 144.1 345.0
718 212.9 423.0
719 188.1 387.0
720 178.4 411.0
721 124.1 383.0
722 216.5 409.0
723 204.5 419.0
724 204.6 419.0
725 261.6 419.0
726 236.4 409.0
727 181.7 417.0
728 166.2 412.0
729 137.3 379.0
730 138.0 424.0
731 141.1 370.0
732 266.7 382.0
733 116.5 379.0
734 73.3 407.0
735 48.7 216.0
736 134.5 405.0
737 124.5 339.0
738 188.8 420.0
739 240.2 391.0
740 127.3 405.0
741 155.7 408.0
742 94.8 328.0
743 100.9 381.0
744 136.2 395.0
745 96.0 401.0
746 173.5 419.0
747 105.9 412.0
748 179.5 412.0
749 119.6 375.0
750 172.2 402.0
751 208.9 412.0
752 220.9 406.0
753 293.9 419.0
754 197.8 412.0
755 142.9 338.0
756 255.4 419.0
757 146.8 337.0
758 192.1 391.0
759 49.0 152.0
760 200.9 389.0
761 245.6 423.0
762 152.6 412.0
763 208.4 396.0
764 249.8 387.0
765 167.4 382.0
766 206.7 397.0
767 236.9 390.0
768 169.8 359.0
769 244.5 404.0
770 243.1 425.0
771 221.3 406.0
772 225.9 413.0
773 156.1 406.0
774 147.2 394.0
775 205.3 373.0
776 253.4 389.0
777 268.4 420.0
778 278.4 420.0
779 224.3 413.0
780 284.0 402.0
781 299.3 407.0
782 301.3 404.0
783 163.9 373.0
784 143.2 351.0
785 170.8 415.0
786 254.3 413.0
787 221.5 418.0
788 160.2 415.0
789 283.6 401.0
790 291.8 405.0
791 208.8 398.0
792 121.9 384.0
793 164.4 362.0
794 292.7 408.0
795 248.2 411.0
796 291.5 418.0
797 213.2 405.0
798 159.7 404.0
799 169.3 365.0
800 214.5 378.0
801 266.0 394.0
802 302.3 414.0
803 299.8 403.0
804 161.6 378.0
805 260.0 392.0
806 295.8 407.0
807 253.0 416.0
808 275.2 413.0
809 269.2 407.0
810 304.6 385.0
811 230.0 411.0
812 345.9 418.0
813 329.6 414.0
814 342.0 414.0
815 172.8 383.0
816 279.7 420.0
817 191.9 406.0
818 297.6 404.0
819 244.1 389.0
820 294.2 412.0
821 257.1 402.0
822 218.3 402.0
823 244.7 411.0
824 208.9 402.0
825 288.2 411.0
826 252.9 420.0
827 226.5 417.0
828 261.7 394.0
829 307.6 409.0
830 248.6 403.0
831 295.7 383.0
832 241.2 398.0
833 172.6 412.0
834 182.9 394.0
835 332.0 410.0
836 232.4 413.0
837 260.8 412.0
838 239.4 407.0
839 219.7 398.0
840 227.4 404.0
841 290.6 388.0
842 129.0 406.0
843 263.8 407.0
844 107.8 363.0
845 82.4 326.0
846 156.0 384.0
847 187.2 409.0
848 218.0 426.0
849 308.1 410.0
850 225.5 410.0
851 166.1 426.0
852 220.9 410.0
853 310.1 416.0
854 194.8 411.0
855 363.2 410.0
856 331.1 410.0
857 261.9 417.0
858 227.2 409.0
859 286.8 415.0
860 287.1 414.0
861 291.1 414.0
862 261.0 404.0
863 325.5 414.0
864 194.5 415.0
865 95.2 414.0
866 290.9 411.0
867 276.3 414.0
868 206.8 412.0
869 150.9 422.0
870 158.2 410.0
871 223.9 412.0
872 187.3 385.0
873 178.9 420.0
874 268.8 401.0
875 168.4 420.0
876 219.0 415.0
877 252.3 364.0
878 244.8 410.0
879 234.3 405.0
880 202.4 395.0
881 286.4 422.0
882 237.0 408.0
883 287.7 410.0
884 227.8 397.0
885 253.1 410.0
886 163.3 419.0
887 197.0 392.0
888 155.5 369.0
889 274.4 407.0
890 117.8 360.0
891 212.2 411.0
892 126.0 366.0
893 151.1 379.0
894 257.3 402.0
895 190.4 416.0
896 302.1 415.0
897 307.4 403.0
898 169.1 351.0
899 226.8 394.0
900 188.6 377.0
901 326.9 409.0
902 150.7 414.0
903 242.2 410.0
904 213.3 411.0
905 263.6 412.0
906 293.2 415.0
907 306.1 415.0
908 255.8 418.0
909 287.1 410.0
910 240.9 411.0
911 247.2 411.0
912 273.4 416.0
913 251.6 410.0
914 278.2 416.0
915 241.0 401.0
916 192.5 403.0
917 319.2 400.0
918 163.5 319.0
919 266.9 397.0
920 234.4 406.0
921 296.3 407.0
922 331.4 420.0
923 302.0 418.0
924 215.3 399.0
925 170.9 388.0
926 262.0 401.0
927 251.4 396.0
928 275.7 410.0
929 289.3 414.0
930 261.6 410.0
931 230.7 415.0
932 173.6 378.0
933 175.4 391.0
934 164.9 402.0
935 67.7 404.0
936 119.5 394.0
937 51.6 377.0
938 161.8 396.0
939 196.0 399.0
940 170.2 395.0
941 251.8 408.0
942 297.1 420.0
943 296.0 417.0
944 366.7 421.0
945 246.6 400.0
946 137.3 399.0
947 99.7 368.0
948 218.4 424.0
949 202.6 399.0
950 218.4 412.0
951 121.5 397.0
952 44.3 145.0
953 72.1 372.0
954 12.5 66.0
955 9.1 19.0
956 34.4 202.0
957 154.1 406.0
958 255.2 399.0
959 231.3 402.0
960 142.1 391.0
961 247.5 422.0
962 225.8 406.0
963 156.0 350.0
964 137.9 363.0
965 150.7 413.0
966 283.9 379.0
967 209.1 390.0
968 175.1 394.0
969 234.5 380.0
970 266.7 411.0
971 98.4 367.0
972 192.4 409.0
973 188.4 404.0
974 189.1 398.0
975 101.4 386.0
976 281.4 415.0
977 256.1 405.0
978 205.8 388.0
979 125.4 339.0
980 191.4 409.0
981 214.5 407.0
982 222.4 405.0
983 278.5 417.0
984 324.6 410.0
985 92.5 360.0
986 183.0 361.0
987 173.8 374.0
988 183.8 391.0
989 211.4 414.0
990 252.7 416.0
991 206.0 416.0
992 269.3 397.0
993 229.6 398.0
994 239.3 397.0
995 261.7 407.0
996 263.3 414.0
997 245.2 407.0
998 259.0 407.0
999 171.6 406.0
