0 1.0 2.0
1 0.6 3.0
2 1.5 3.0
3 0.8 2.0
4 0.9 3.0
5 1.7 4.0
6 0.7 3.0
7 1.6 4.0
8 1.6 3.0
9 1.3 3.0
10 0.8 2.0
11 1.1 3.0
12 0.4 3.0
13 1.2 3.0
14 1.0 2.0
15 1.1 5.0
16 1.6 4.0
17 1.3 3.0
18 1.1 3.0
19 1.6 4.0
20 1.3 4.0
21 1.5 2.0
22 1.7 4.0
23 1.5 3.0
24 1.1 3.0
25 0.4 1.0
26 0.7 2.0
27 1.1 5.0
28 1.5 5.0
29 1.1 3.0
30 1.2 3.0
31 1.4 5.0
32 1.0 2.0
33 0.7 3.0
34 1.5 3.0
35 1.1 4.0
36 1.0 3.0
37 1.1 3.0
38 1.5 3.0
39 1.1 2.0
40 1.3 4.0
41 1.3 5.0
42 1.8 4.0
43 0.9 4.0
44 1.4 5.0
45 1.0 3.0
46 0.5 2.0
47 1.3 3.0
48 1.4 4.0
49 0.9 2.0
50 1.0 4.0
51 0.7 2.0
52 1.1 4.0
53 1.3 4.0
54 1.6 4.0
55 1.3 2.0
56 1.0 2.0
57 0.7 2.0
58 1.6 5.0
59 1.0 2.0
60 2.8 5.0
61 1.3 3.0
62 2.1 7.0
63 0.9 3.0
64 1.2 3.0
65 0.7 3.0
66 0.9 2.0
67 1.3 5.0
68 0.7 2.0
69 0.7 2.0
70 0.9 2.0
71 1.4 4.0
72 0.9 3.0
73 0.9 3.0
74 1.0 2.0
75 0.8 3.0
76 0.9 2.0
77 0.4 2.0
78 0.8 4.0
79 0.3 2.0
80 0.6 2.0
81 1.5 4.0
82 0.7 3.0
83 0.9 4.0
84 0.8 3.0
85 0.7 2.0
86 0.6 3.0
87 0.7 3.0
88 0.7 2.0
89 0.5 3.0
90 0.3 2.0
91 0.4 2.0
92 0.9 3.0
93 0.9 2.0
94 0.5 3.0
95 0.5 2.0
96 0.6 2.0
97 0.6 2.0
98 0.7 4.0
99 0.2 1.0
100 0.4 2.0
101 1.4 3.0
102 1.2 4.0
103 1.5 4.0
104 1.9 11.0
105 2.2 5.0
106 2.5 6.0
107 4.2 11.0
108 2.4 7.0
109 4.7 8.0
110 3.1 9.0
111 3.9 8.0
112 4.1 12.0
113 4.2 12.0
114 4.1 11.0
115 4.7 8.0
116 3.6 6.0
117 3.1 7.0
118 5.7 13.0
119 4.4 11.0
120 3.0 7.0
121 4.3 7.0
122 4.9 8.0
123 3.8 7.0
124 4.5 7.0
125 5.5 14.0
126 5.1 11.0
127 4.9 8.0
128 4.7 6.0
129 8.2 15.0
130 7.4 14.0
131 9.2 16.0
132 7.3 14.0
133 9.5 17.0
134 8.4 14.0
135 10.0 18.0
136 10.8 13.0
137 10.2 19.0
138 12.2 19.0
139 11.8 19.0
140 14.2 20.0
141 12.9 26.0
142 11.8 18.0
143 10.5 17.0
144 7.0 11.0
145 8.5 13.0
146 9.5 19.0
147 11.2 17.0
148 13.9 23.0
149 15.1 19.0
150 12.9 19.0
151 16.3 30.0
152 14.6 28.0
153 13.2 18.0
154 17.3 34.0
155 18.4 25.0
156 18.6 34.0
157 15.8 24.0
158 18.1 26.0
159 17.6 25.0
160 21.5 30.0
161 19.4 29.0
162 21.8 34.0
163 17.4 23.0
164 20.8 32.0
165 23.3 32.0
166 18.5 25.0
167 24.2 36.0
168 20.3 29.0
169 22.0 30.0
170 24.1 36.0
171 23.8 37.0
172 20.7 29.0
173 16.2 27.0
174 25.7 45.0
175 23.8 35.0
176 23.7 38.0
177 17.5 26.0
178 19.4 33.0
179 29.7 64.0
180 21.4 26.0
181 25.6 34.0
182 24.1 34.0
183 20.0 31.0
184 24.8 32.0
185 20.1 26.0
186 24.4 39.0
187 24.3 34.0
188 25.0 44.0
189 22.0 30.0
190 25.2 33.0
191 26.1 37.0
192 25.2 39.0
193 27.2 37.0
194 22.3 33.0
195 26.2 39.0
196 23.5 32.0
197 24.8 38.0
198 23.9 32.0
199 28.1 37.0
200 26.0 44.0
201 25.8 39.0
202 26.9 40.0
203 25.4 38.0
204 23.9 34.0
205 26.4 41.0
206 26.2 36.0
207 22.1 37.0
208 31.5 41.0
209 25.1 38.0
210 26.9 41.0
211 26.0 40.0
212 30.2 45.0
213 24.5 35.0
214 26.4 37.0
215 25.3 49.0
216 29.3 51.0
217 28.3 42.0
218 22.7 33.0
219 28.2 39.0
220 28.5 46.0
221 29.6 37.0
222 29.2 39.0
223 23.9 31.0
224 28.0 42.0
225 24.3 40.0
226 25.8 44.0
227 31.8 50.0
228 27.8 46.0
229 29.8 45.0
230 29.4 51.0
231 30.9 42.0
232 26.4 37.0
233 34.0 49.0
234 26.6 42.0
235 30.7 61.0
236 26.2 36.0
237 27.1 43.0
238 27.3 43.0
239 28.0 37.0
240 33.0 49.0
241 31.6 50.0
242 22.6 28.0
243 29.2 43.0
244 31.7 50.0
245 28.9 47.0
246 33.6 55.0
247 35.6 47.0
248 25.3 39.0
249 35.1 55.0
250 38.6 65.0
251 31.0 42.0
252 36.8 43.0
253 31.2 50.0
254 40.9 69.0
255 33.9 48.0
256 29.5 39.0
257 40.5 51.0
258 34.0 41.0
259 32.5 52.0
260 33.2 58.0
261 37.3 54.0
262 37.1 51.0
263 33.7 51.0
264 25.7 38.0
265 37.0 50.0
266 28.6 48.0
267 28.3 50.0
268 34.3 49.0
269 32.4 45.0
270 36.7 48.0
271 36.9 54.0
272 38.2 58.0
273 43.1 81.0
274 30.6 49.0
275 32.9 69.0
276 43.1 69.0
277 36.7 57.0
278 38.7 58.0
279 35.6 56.0
280 37.4 57.0
281 48.4 62.0
282 34.4 56.0
283 36.4 50.0
284 33.7 76.0
285 28.2 45.0
286 32.2 51.0
287 30.3 41.0
288 33.0 47.0
289 37.5 68.0
290 40.1 51.0
291 38.0 56.0
292 39.0 63.0
293 38.3 62.0
294 38.1 55.0
295 45.3 64.0
296 40.7 62.0
297 48.2 79.0
298 43.0 64.0
299 55.3 81.0
300 35.0 56.0
301 42.4 68.0
302 42.7 77.0
303 40.6 58.0
304 41.0 113.0
305 40.1 79.0
306 35.0 53.0
307 29.0 47.0
308 30.9 57.0
309 32.1 61.0
310 44.6 70.0
311 40.6 65.0
312 39.2 57.0
313 41.6 62.0
314 42.8 83.0
315 37.0 78.0
316 39.3 62.0
317 40.4 59.0
318 39.7 57.0
319 34.4 53.0
320 45.9 111.0
321 30.2 44.0
322 30.0 40.0
323 36.1 53.0
324 31.5 63.0
325 54.1 79.0
326 41.6 65.0
327 47.6 98.0
328 37.6 52.0
329 42.1 51.0
330 49.0 94.0
331 55.5 142.0
332 53.8 97.0
333 44.0 70.0
334 32.7 55.0
335 45.2 67.0
336 39.1 66.0
337 39.6 78.0
338 42.9 71.0
339 52.2 104.0
340 46.5 68.0
341 54.9 87.0
342 55.4 93.0
343 42.8 78.0
344 44.9 70.0
345 34.5 64.0
346 29.8 41.0
347 45.4 75.0
348 35.2 60.0
349 41.3 62.0
350 43.7 122.0
351 26.3 53.0
352 38.1 78.0
353 46.4 70.0
354 52.3 104.0
355 43.2 83.0
356 47.4 70.0
357 43.5 63.0
358 41.9 73.0
359 43.3 69.0
360 50.8 94.0
361 49.9 109.0
362 50.4 83.0
363 43.7 69.0
364 58.5 83.0
365 49.2 113.0
366 71.3 219.0
367 74.7 302.0
368 103.7 316.0
369 89.0 353.0
370 78.1 213.0
371 52.6 93.0
372 43.9 59.0
373 46.3 100.0
374 44.0 100.0
375 41.8 79.0
376 39.9 63.0
377 35.5 54.0
378 42.0 69.0
379 50.1 83.0
380 36.9 73.0
381 59.0 82.0
382 53.5 103.0
383 66.9 219.0
384 55.2 139.0
385 47.3 83.0
386 63.7 99.0
387 86.9 277.0
388 47.1 84.0
389 62.0 197.0
390 71.7 190.0
391 44.7 97.0
392 109.3 218.0
393 81.2 317.0
394 92.1 278.0
395 67.6 165.0
396 48.1 149.0
397 45.8 77.0
398 88.7 351.0
399 59.8 162.0
400 50.9 78.0
401 57.9 93.0
402 84.7 259.0
403 66.2 183.0
404 75.6 253.0
405 50.2 89.0
406 74.8 178.0
407 58.6 108.0
408 49.9 90.0
409 43.9 75.0
410 49.3 142.0
411 44.5 72.0
412 57.1 100.0
413 35.8 71.0
414 65.3 161.0
415 40.8 76.0
416 64.3 345.0
417 30.3 79.0
418 70.8 284.0
419 87.9 288.0
420 48.5 137.0
421 36.9 73.0
422 32.5 83.0
423 63.1 108.0
424 60.3 167.0
425 61.3 125.0
426 63.9 220.0
427 40.4 51.0
428 76.4 302.0
429 70.9 123.0
430 55.5 101.0
431 65.7 116.0
432 68.7 205.0
433 48.9 81.0
434 24.1 47.0
435 57.3 107.0
436 93.1 321.0
437 43.1 106.0
438 46.7 81.0
439 63.3 110.0
440 51.1 76.0
441 63.5 118.0
442 61.9 95.0
443 71.6 111.0
444 81.7 226.0
445 57.0 116.0
446 59.4 145.0
447 65.2 264.0
448 38.4 81.0
449 101.0 340.0
450 49.3 114.0
451 56.1 225.0
452 53.9 225.0
453 120.6 332.0
454 87.4 209.0
455 69.7 283.0
456 48.3 101.0
457 92.1 208.0
458 104.5 324.0
459 33.7 64.0
460 55.4 128.0
461 36.7 85.0
462 27.9 56.0
463 29.8 46.0
464 35.6 88.0
465 35.3 74.0
466 32.2 104.0
467 56.0 189.0
468 43.5 113.0
469 32.3 52.0
470 45.4 133.0
471 59.6 126.0
472 52.4 251.0
473 60.3 209.0
474 45.8 88.0
475 94.7 301.0
476 89.3 373.0
477 129.8 328.0
478 102.1 292.0
479 111.3 386.0
480 145.6 332.0
481 67.0 402.0
482 75.2 400.0
483 46.1 101.0
484 46.5 151.0
485 51.9 166.0
486 60.6 326.0
487 32.6 94.0
488 52.7 164.0
489 89.4 348.0
490 31.9 66.0
491 53.6 111.0
492 51.5 102.0
493 65.8 205.0
494 46.4 107.0
495 57.8 193.0
496 31.9 52.0
497 52.0 160.0
498 65.6 237.0
499 57.0 144.0
500 41.4 90.0
501 70.2 165.0
502 54.9 105.0
503 40.6 78.0
504 90.0 357.0
505 109.1 251.0
506 73.1 169.0
507 73.7 195.0
508 69.4 177.0
509 66.6 147.0
510 92.0 160.0
511 151.3 337.0
512 88.3 333.0
513 140.8 368.0
514 76.9 172.0
515 139.3 375.0
516 132.9 320.0
517 105.6 350.0
518 67.0 360.0
519 108.6 392.0
520 28.4 93.0
521 84.2 297.0
522 80.0 193.0
523 71.7 244.0
524 65.7 283.0
525 85.6 242.0
526 66.0 334.0
527 63.9 281.0
528 78.4 305.0
529 92.5 346.0
530 31.6 59.0
531 32.3 100.0
532 37.9 86.0
533 55.2 240.0
534 46.8 249.0
535 40.6 99.0
536 23.0 35.0
537 38.2 122.0
538 46.3 84.0
539 36.6 72.0
540 32.4 95.0
541 42.7 135.0
542 89.8 408.0
543 57.7 157.0
544 96.6 261.0
545 125.0 410.0
546 70.5 252.0
547 163.4 404.0
548 149.2 406.0
549 172.3 393.0
550 115.6 363.0
551 121.6 341.0
552 94.0 253.0
553 82.3 321.0
554 74.5 162.0
555 113.4 380.0
556 145.9 364.0
557 69.1 284.0
558 168.0 381.0
559 132.8 325.0
560 182.1 359.0
561 68.4 330.0
562 113.7 358.0
563 93.6 383.0
564 97.4 307.0
565 59.1 217.0
566 44.0 100.0
567 31.8 98.0
568 105.3 352.0
569 78.7 232.0
570 103.5 301.0
571 138.8 359.0
572 168.9 375.0
573 22.0 94.0
574 49.4 131.0
575 61.1 303.0
576 18.8 79.0
577 21.9 169.0
578 22.4 114.0
579 10.8 31.0
580 5.7 12.0
581 18.4 101.0
582 65.6 362.0
583 46.5 365.0
584 4.8 16.0
585 16.8 80.0
586 4.6 28.0
587 11.2 37.0
588 38.8 311.0
589 35.5 233.0
590 43.2 301.0
591 14.8 55.0
592 72.0 376.0
593 136.9 345.0
594 85.5 275.0
595 107.6 280.0
596 96.3 302.0
597 65.0 193.0
598 136.0 357.0
599 101.9 396.0
600 74.0 153.0
601 125.8 368.0
602 98.8 301.0
603 111.0 314.0
604 150.4 333.0
605 63.3 123.0
606 107.3 316.0
607 37.9 71.0
608 72.1 349.0
609 218.4 343.0
610 168.7 375.0
611 125.1 329.0
612 130.4 323.0
613 75.0 338.0
614 139.8 359.0
615 47.4 114.0
616 95.8 289.0
617 99.5 358.0
618 77.3 197.0
619 105.1 396.0
620 101.1 370.0
621 116.0 335.0
622 32.9 114.0
623 74.0 384.0
624 42.6 68.0
625 24.8 69.0
626 64.1 265.0
627 55.8 243.0
628 92.2 327.0
629 37.1 89.0
630 77.6 226.0
631 44.0 137.0
632 110.5 374.0
633 19.1 43.0
634 73.1 203.0
635 77.8 285.0
636 62.5 263.0
637 65.9 97.0
638 54.7 109.0
639 59.3 169.0
640 146.4 285.0
641 96.1 298.0
642 103.8 315.0
643 102.2 257.0
644 142.3 355.0
645 112.0 369.0
646 95.0 353.0
647 78.0 256.0
648 58.9 166.0
649 68.6 275.0
650 89.1 196.0
651 84.1 316.0
652 146.1 296.0
653 47.1 87.0
654 149.8 332.0
655 153.8 330.0
656 114.4 290.0
657 117.0 273.0
658 51.7 187.0
659 68.5 174.0
660 100.6 339.0
661 103.9 388.0
662 219.7 419.0
663 111.9 381.0
664 205.5 386.0
665 120.8 297.0
666 197.6 406.0
667 116.4 413.0
668 166.0 364.0
669 94.5 282.0
670 63.8 193.0
671 71.4 316.0
672 92.0 333.0
673 54.0 408.0
674 51.9 249.0
675 92.4 322.0
676 88.7 313.0
677 100.1 337.0
678 139.5 415.0
679 62.1 339.0
680 77.7 240.0
681 119.4 395.0
682 72.4 257.0
683 90.1 348.0
684 23.4 50.0
685 109.6 344.0
686 90.7 326.0
687 78.6 356.0
688 113.8 335.0
689 166.4 376.0
690 131.0 342.0
691 86.6 324.0
692 31.2 110.0
693 56.6 214.0
694 86.8 232.0
695 82.8 299.0
696 72.2 239.0
697 74.4 296.0
698 48.1 137.0
699 34.8 116.0
700 112.9 400.0
701 32.0 88.0
702 52.8 137.0
703 99.0 235.0
704 155.7 378.0
705 120.9 302.0
706 95.8 302.0
707 98.0 322.0
708 180.7 321.0
709 150.2 365.0
710 161.2 265.0
711 95.8 378.0
712 40.5 157.0
713 81.1 324.0
714 123.8 270.0
715 137.2 350.0
716 140.9 385.0
717 47.0 218.0
718 54.8 342.0
719 73.2 357.0
720 110.3 268.0
721 92.5 325.0
722 108.6 325.0
723 41.5 96.0
724 27.3 92.0
725 75.4 217.0
726 123.9 303.0
727 21.4 47.0
728 137.7 309.0
729 158.9 304.0
730 146.8 331.0
731 204.1 370.0
732 111.8 267.0
733 107.4 393.0
734 170.7 417.0
735 68.4 220.0
736 139.1 302.0
737 78.5 315.0
738 156.8 404.0
739 124.4 325.0
740 153.2 348.0
741 202.6 381.0
742 265.5 409.0
743 219.7 363.0
744 97.4 262.0
745 191.0 360.0
746 128.3 244.0
747 100.3 324.0
748 70.6 309.0
749 139.5 344.0
750 161.2 350.0
751 125.0 317.0
752 178.2 357.0
753 143.6 401.0
754 152.7 307.0
755 95.3 307.0
756 129.6 273.0
757 133.1 339.0
758 125.7 322.0
759 157.4 403.0
760 174.6 346.0
761 159.0 403.0
762 119.7 376.0
763 100.9 345.0
764 59.5 394.0
765 98.9 380.0
766 112.8 384.0
767 159.4 394.0
768 107.9 295.0
769 66.5 122.0
770 121.7 330.0
771 221.2 354.0
772 111.5 291.0
773 111.2 341.0
774 155.5 358.0
775 198.3 350.0
776 79.3 299.0
777 42.6 174.0
778 92.0 238.0
779 165.7 406.0
780 98.0 314.0
781 108.8 369.0
782 135.9 287.0
783 61.4 165.0
784 140.6 401.0
785 140.8 385.0
786 147.1 400.0
787 156.2 416.0
788 111.6 322.0
789 93.0 313.0
790 144.6 354.0
791 188.8 384.0
792 149.8 358.0
793 162.4 365.0
794 74.1 360.0
795 134.8 318.0
796 139.0 376.0
797 6.7 37.0
798 125.3 365.0
799 55.9 160.0
800 123.4 401.0
801 81.7 376.0
802 123.7 372.0
803 127.4 407.0
804 176.0 394.0
805 95.0 299.0
806 178.3 396.0
807 78.5 275.0
808 201.1 401.0
809 174.9 317.0
810 111.1 302.0
811 139.1 363.0
812 128.3 260.0
813 109.7 310.0
814 108.5 275.0
815 94.8 274.0
816 69.5 199.0
817 107.8 305.0
818 139.1 312.0
819 77.6 164.0
820 50.0 138.0
821 131.1 336.0
822 141.5 379.0
823 158.5 342.0
824 66.6 334.0
825 19.3 76.0
826 67.6 328.0
827 137.4 356.0
828 153.0 344.0
829 47.7 105.0
830 161.1 339.0
831 71.9 302.0
832 96.3 344.0
833 89.6 312.0
834 85.3 372.0
835 59.5 278.0
836 125.8 367.0
837 154.4 314.0
838 46.4 251.0
839 59.9 236.0
840 117.3 346.0
841 95.4 362.0
842 36.6 181.0
843 110.3 306.0
844 87.6 268.0
845 46.6 157.0
846 91.9 330.0
847 31.2 68.0
848 76.9 238.0
849 52.3 262.0
850 69.0 290.0
851 30.3 135.0
852 120.1 283.0
853 107.3 365.0
854 59.1 257.0
855 46.7 195.0
856 79.7 184.0
857 43.5 260.0
858 50.1 241.0
859 120.6 347.0
860 79.2 190.0
861 112.1 296.0
862 119.0 295.0
863 218.4 331.0
864 135.5 259.0
865 198.2 357.0
866 239.0 385.0
867 25.1 233.0
868 69.9 412.0
869 33.4 119.0
870 111.5 376.0
871 45.3 287.0
872 22.8 139.0
873 94.2 403.0
874 2.5 8.0
875 42.3 349.0
876 105.8 364.0
877 178.6 381.0
878 60.0 352.0
879 26.6 151.0
880 130.3 340.0
881 21.0 110.0
882 39.2 240.0
883 85.5 254.0
884 50.8 255.0
885 28.3 124.0
886 53.1 279.0
887 41.4 224.0
888 71.5 305.0
889 120.6 318.0
890 130.3 367.0
891 254.8 370.0
892 168.0 356.0
893 162.9 409.0
894 192.8 362.0
895 125.1 374.0
896 98.3 352.0
897 152.7 327.0
898 40.5 187.0
899 50.4 301.0
900 161.6 363.0
901 126.1 272.0
902 190.8 401.0
903 203.6 371.0
904 149.8 388.0
905 132.5 385.0
906 144.1 355.0
907 245.2 379.0
908 70.2 132.0
909 48.6 224.0
910 220.9 403.0
911 133.8 361.0
912 72.9 394.0
913 243.5 374.0
914 276.6 349.0
915 180.4 365.0
916 229.4 395.0
917 179.7 368.0
918 150.1 360.0
919 150.3 377.0
920 135.4 261.0
921 95.5 286.0
922 88.2 325.0
923 107.8 340.0
924 27.3 209.0
925 94.8 373.0
926 297.7 386.0
927 224.6 345.0
928 214.3 375.0
929 185.4 404.0
930 182.1 394.0
931 269.6 392.0
932 222.2 414.0
933 253.1 396.0
934 76.9 285.0
935 266.8 374.0
936 111.7 377.0
937 172.1 378.0
938 228.1 415.0
939 222.2 369.0
940 214.3 392.0
941 204.0 363.0
942 156.7 348.0
943 196.7 385.0
944 204.5 385.0
945 20.3 108.0
946 1.8 6.0
947 3.3 8.0
948 14.6 77.0
949 2.8 10.0
950 29.4 249.0
951 91.0 273.0
952 134.3 402.0
953 113.7 353.0
954 76.4 295.0
955 6.3 16.0
956 122.1 376.0
957 34.1 91.0
958 83.3 350.0
959 87.8 396.0
960 179.7 370.0
961 159.6 327.0
962 212.0 344.0
963 184.3 369.0
964 186.2 358.0
965 100.7 364.0
966 0.9 5.0
967 50.0 300.0
968 133.3 373.0
969 75.4 254.0
970 28.0 138.0
971 11.9 93.0
972 54.9 363.0
973 96.6 355.0
974 167.5 395.0
975 116.4 400.0
976 1.7 8.0
977 6.7 57.0
978 91.9 388.0
979 146.5 318.0
980 186.1 384.0
981 113.8 320.0
982 157.5 392.0
983 156.0 362.0
984 175.0 360.0
985 261.5 355.0
986 246.8 390.0
987 161.6 352.0
988 161.8 375.0
989 115.2 418.0
990 194.8 389.0
991 127.8 313.0
992 100.6 327.0
993 235.8 370.0
994 188.0 367.0
995 125.6 395.0
996 199.4 411.0
997 225.9 382.0
998 191.0 376.0
999 113.8 372.0
