0 0.9 2.0
1 0.6 2.0
2 1.4 3.0
3 1.6 7.0
4 1.7 3.0
5 1.6 5.0
6 1.0 2.0
7 0.9 3.0
8 1.4 3.0
9 0.9 3.0
10 1.4 4.0
11 1.7 7.0
12 1.2 3.0
13 0.9 3.0
14 1.0 3.0
15 1.0 3.0
16 0.9 4.0
17 1.4 4.0
18 1.1 3.0
19 1.6 5.0
20 0.9 4.0
21 1.2 4.0
22 1.4 2.0
23 0.9 3.0
24 1.4 4.0
25 1.7 4.0
26 1.5 5.0
27 1.0 3.0
28 1.1 4.0
29 1.2 3.0
30 1.0 3.0
31 2.3 4.0
32 2.0 5.0
33 1.0 5.0
34 0.7 2.0
35 1.6 4.0
36 1.9 6.0
37 1.0 4.0
38 1.6 4.0
39 1.6 3.0
40 2.4 7.0
41 1.7 4.0
42 1.9 5.0
43 1.5 3.0
44 1.9 4.0
45 1.7 3.0
46 1.8 6.0
47 1.2 4.0
48 0.7 2.0
49 2.4 5.0
50 1.8 6.0
51 1.6 5.0
52 0.8 3.0
53 1.4 4.0
54 1.6 4.0
55 1.5 4.0
56 1.4 5.0
57 1.0 2.0
58 1.1 2.0
59 1.1 3.0
60 0.8 2.0
61 1.0 3.0
62 1.3 3.0
63 1.1 3.0
64 1.0 4.0
65 0.6 2.0
66 1.3 5.0
67 0.6 2.0
68 1.2 3.0
69 0.9 4.0
70 1.1 3.0
71 0.1 1.0
72 0.2 1.0
73 0.8 3.0
74 0.4 2.0
75 0.3 2.0
76 0.2 1.0
77 0.2 1.0
78 0.0 0.0
79 0.6 5.0
80 0.1 1.0
81 0.7 3.0
82 0.0 0.0
83 0.1 1.0
84 0.1 1.0
85 0.8 4.0
86 0.2 1.0
87 0.8 3.0
88 0.8 3.0
89 1.2 5.0
90 1.0 3.0
91 0.4 2.0
92 0.8 2.0
93 1.3 3.0
94 0.9 3.0
95 0.8 2.0
96 0.8 5.0
97 1.4 4.0
98 2.0 4.0
99 1.3 3.0
100 1.3 3.0
101 1.6 3.0
102 1.8 4.0
103 2.6 4.0
104 1.4 5.0
105 1.0 2.0
106 2.1 4.0
107 2.1 9.0
108 2.8 8.0
109 1.7 5.0
110 2.2 9.0
111 3.1 10.0
112 1.1 3.0
113 2.1 5.0
114 2.4 6.0
115 2.5 9.0
116 4.5 11.0
117 2.8 7.0
118 3.7 7.0
119 5.8 11.0
120 7.1 11.0
121 5.1 17.0
122 5.6 10.0
123 10.0 16.0
124 8.2 16.0
125 9.5 15.0
126 9.7 16.0
127 9.8 13.0
128 10.4 19.0
129 11.3 18.0
130 9.9 15.0
131 9.5 18.0
132 9.2 15.0
133 10.6 15.0
134 10.9 20.0
135 9.0 19.0
136 10.5 17.0
137 11.6 20.0
138 13.7 19.0
139 12.6 17.0
140 12.0 19.0
141 11.3 16.0
142 11.3 22.0
143 9.5 12.0
144 14.3 26.0
145 14.8 26.0
146 19.2 36.0
147 20.5 33.0
148 21.9 34.0
149 20.2 39.0
150 23.8 34.0
151 26.6 59.0
152 18.5 27.0
153 21.0 29.0
154 19.2 27.0
155 23.5 30.0
156 24.1 37.0
157 24.1 39.0
158 26.4 40.0
159 26.3 33.0
160 21.9 33.0
161 22.9 52.0
162 24.3 39.0
163 21.7 29.0
164 18.6 39.0
165 24.9 50.0
166 19.0 34.0
167 21.7 30.0
168 20.7 29.0
169 22.9 36.0
170 15.8 24.0
171 25.1 41.0
172 19.3 28.0
173 20.4 35.0
174 25.5 40.0
175 21.2 26.0
176 21.2 32.0
177 28.2 42.0
178 33.5 48.0
179 26.7 39.0
180 21.3 38.0
181 33.6 53.0
182 30.1 51.0
183 29.4 62.0
184 31.0 52.0
185 29.4 50.0
186 31.0 50.0
187 27.3 38.0
188 27.1 40.0
189 34.8 55.0
190 27.9 45.0
191 28.5 42.0
192 32.7 64.0
193 29.9 51.0
194 27.4 38.0
195 24.7 38.0
196 30.8 40.0
197 32.2 40.0
198 33.9 56.0
199 38.8 74.0
200 37.6 58.0
201 31.6 47.0
202 36.2 68.0
203 34.2 50.0
204 35.7 46.0
205 32.0 40.0
206 34.8 52.0
207 34.9 56.0
208 31.2 40.0
209 34.0 53.0
210 36.6 52.0
211 30.1 42.0
212 33.7 51.0
213 28.9 43.0
214 33.8 59.0
215 36.0 48.0
216 30.7 63.0
217 31.4 54.0
218 26.6 38.0
219 27.6 52.0
220 30.7 38.0
221 37.2 57.0
222 36.7 47.0
223 34.1 67.0
224 32.0 65.0
225 36.3 61.0
226 36.2 50.0
227 32.3 62.0
228 36.9 69.0
229 29.0 40.0
230 32.6 44.0
231 26.8 44.0
232 31.2 52.0
233 25.0 44.0
234 28.1 36.0
235 27.5 40.0
236 28.1 60.0
237 30.9 44.0
238 38.8 71.0
239 37.0 58.0
240 31.2 39.0
241 30.3 45.0
242 39.8 57.0
243 42.3 59.0
244 37.5 47.0
245 36.5 59.0
246 33.5 72.0
247 33.5 66.0
248 36.7 70.0
249 37.2 55.0
250 43.8 99.0
251 43.8 59.0
252 38.4 59.0
253 41.4 61.0
254 46.0 73.0
255 40.9 68.0
256 34.3 52.0
257 36.9 63.0
258 37.3 72.0
259 42.7 67.0
260 40.4 74.0
261 40.0 62.0
262 36.0 73.0
263 35.8 57.0
264 40.4 66.0
265 39.5 71.0
266 36.3 64.0
267 25.5 41.0
268 59.2 200.0
269 40.6 73.0
270 44.9 86.0
271 64.6 266.0
272 50.6 106.0
273 65.7 280.0
274 53.4 86.0
275 54.7 148.0
276 40.5 64.0
277 54.6 165.0
278 36.5 68.0
279 34.7 57.0
280 42.2 84.0
281 41.3 62.0
282 36.7 57.0
283 45.9 96.0
284 37.6 51.0
285 43.3 72.0
286 37.2 54.0
287 43.0 75.0
288 58.9 109.0
289 103.2 276.0
290 39.3 52.0
291 62.9 150.0
292 37.6 65.0
293 37.4 87.0
294 44.2 107.0
295 49.5 183.0
296 35.0 62.0
297 40.7 59.0
298 38.7 78.0
299 36.4 47.0
300 34.9 60.0
301 32.5 47.0
302 60.8 158.0
303 78.4 202.0
304 47.8 214.0
305 86.3 239.0
306 35.6 54.0
307 54.7 95.0
308 63.8 262.0
309 69.1 200.0
310 52.4 97.0
311 43.1 76.0
312 32.1 51.0
313 71.0 235.0
314 56.6 115.0
315 88.8 188.0
316 59.5 85.0
317 43.9 67.0
318 79.5 241.0
319 76.1 205.0
320 61.0 86.0
321 84.4 247.0
322 71.5 103.0
323 107.2 310.0
324 98.7 262.0
325 80.3 287.0
326 71.7 214.0
327 61.9 251.0
328 66.6 213.0
329 85.6 254.0
330 83.8 359.0
331 84.1 319.0
332 50.7 75.0
333 58.2 151.0
334 75.1 245.0
335 44.1 68.0
336 55.5 97.0
337 65.5 298.0
338 58.0 171.0
339 46.4 96.0
340 54.9 103.0
341 61.4 190.0
342 52.7 98.0
343 46.6 81.0
344 58.9 175.0
345 75.1 158.0
346 53.1 121.0
347 39.4 91.0
348 41.6 76.0
349 73.6 203.0
350 50.9 107.0
351 83.4 254.0
352 64.7 262.0
353 80.8 294.0
354 47.4 83.0
355 49.4 79.0
356 51.2 83.0
357 44.3 71.0
358 35.3 77.0
359 53.1 111.0
360 43.2 78.0
361 91.7 256.0
362 76.7 254.0
363 67.6 193.0
364 56.2 89.0
365 67.8 200.0
366 76.4 291.0
367 77.9 190.0
368 90.6 276.0
369 116.1 261.0
370 116.3 309.0
371 67.1 261.0
372 85.6 243.0
373 80.8 292.0
374 108.8 250.0
375 61.5 120.0
376 85.9 283.0
377 73.3 260.0
378 82.1 215.0
379 97.3 256.0
380 53.3 94.0
381 135.2 301.0
382 90.3 236.0
383 42.3 78.0
384 121.8 272.0
385 79.5 241.0
386 49.2 135.0
387 52.2 108.0
388 60.0 271.0
389 79.9 308.0
390 104.4 241.0
391 54.1 118.0
392 86.9 315.0
393 108.7 323.0
394 71.3 95.0
395 92.5 325.0
396 72.1 288.0
397 47.5 191.0
398 92.2 266.0
399 64.6 224.0
400 35.0 78.0
401 37.5 85.0
402 46.7 201.0
403 33.4 80.0
404 65.2 203.0
405 38.2 87.0
406 50.3 90.0
407 107.9 336.0
408 56.8 234.0
409 55.8 288.0
410 63.2 270.0
411 63.6 181.0
412 77.6 260.0
413 71.5 265.0
414 63.5 114.0
415 81.5 307.0
416 58.3 144.0
417 50.3 128.0
418 84.3 273.0
419 61.5 186.0
420 43.4 96.0
421 63.5 322.0
422 80.4 280.0
423 79.6 272.0
424 35.7 78.0
425 48.6 137.0
426 39.1 75.0
427 62.2 204.0
428 65.5 275.0
429 78.4 218.0
430 48.4 97.0
431 75.4 261.0
432 74.4 216.0
433 87.1 251.0
434 49.2 111.0
435 61.4 118.0
436 80.3 243.0
437 54.6 138.0
438 96.9 214.0
439 113.8 223.0
440 49.3 92.0
441 124.2 383.0
442 46.6 73.0
443 95.8 223.0
444 57.2 108.0
445 78.2 237.0
446 98.0 284.0
447 147.2 388.0
448 62.9 124.0
449 95.3 295.0
450 206.5 395.0
451 147.4 365.0
452 95.0 260.0
453 149.8 387.0
454 84.4 337.0
455 130.4 344.0
456 82.8 270.0
457 99.6 181.0
458 63.1 168.0
459 78.0 200.0
460 38.6 66.0
461 74.3 208.0
462 89.4 299.0
463 100.1 276.0
464 60.2 258.0
465 93.4 317.0
466 93.7 208.0
467 68.4 263.0
468 74.0 258.0
469 84.4 338.0
470 63.4 222.0
471 47.2 177.0
472 53.9 186.0
473 89.1 244.0
474 112.3 318.0
475 96.4 318.0
476 65.9 188.0
477 76.3 257.0
478 96.9 290.0
479 89.8 316.0
480 78.6 206.0
481 48.7 102.0
482 72.1 217.0
483 96.1 182.0
484 70.0 152.0
485 120.2 268.0
486 149.0 367.0
487 116.0 324.0
488 119.6 324.0
489 67.9 218.0
490 82.0 201.0
491 58.9 336.0
492 28.5 50.0
493 49.0 179.0
494 50.3 130.0
495 47.6 183.0
496 59.5 163.0
497 70.4 249.0
498 31.4 79.0
499 38.2 95.0
500 32.3 70.0
501 48.5 195.0
502 41.2 66.0
503 96.0 255.0
504 82.5 307.0
505 82.7 302.0
506 72.0 226.0
507 47.3 104.0
508 93.0 389.0
509 70.6 227.0
510 93.7 220.0
511 56.3 98.0
512 96.9 264.0
513 69.0 174.0
514 107.8 325.0
515 76.2 231.0
516 161.5 353.0
517 63.6 189.0
518 55.4 120.0
519 61.2 221.0
520 59.0 239.0
521 65.7 237.0
522 66.3 168.0
523 62.5 156.0
524 87.7 251.0
525 82.7 327.0
526 48.2 71.0
527 50.6 90.0
528 68.4 174.0
529 45.3 86.0
530 82.7 282.0
531 86.1 265.0
532 109.3 316.0
533 105.3 310.0
534 87.3 306.0
535 100.1 237.0
536 80.2 327.0
537 61.5 185.0
538 67.4 111.0
539 92.9 289.0
540 63.5 126.0
541 45.0 106.0
542 60.6 133.0
543 61.8 145.0
544 82.4 273.0
545 50.9 154.0
546 66.2 234.0
547 43.1 82.0
548 103.9 384.0
549 124.0 343.0
550 155.2 350.0
551 106.9 355.0
552 66.8 123.0
553 80.2 259.0
554 80.9 320.0
555 88.5 289.0
556 92.4 260.0
557 101.8 260.0
558 92.2 404.0
559 113.0 374.0
560 114.6 335.0
561 96.7 221.0
562 74.2 167.0
563 72.4 177.0
564 82.0 192.0
565 73.0 134.0
566 115.6 295.0
567 97.7 177.0
568 160.9 308.0
569 61.3 112.0
570 72.4 215.0
571 75.3 167.0
572 90.0 389.0
573 106.9 327.0
574 77.2 252.0
575 72.2 227.0
576 99.4 288.0
577 103.7 323.0
578 44.4 78.0
579 77.0 201.0
580 94.2 323.0
581 51.1 88.0
582 84.9 162.0
583 58.9 119.0
584 77.4 115.0
585 80.0 248.0
586 101.7 322.0
587 81.3 330.0
588 83.1 217.0
589 85.6 196.0
590 51.7 106.0
591 43.3 69.0
592 52.5 118.0
593 116.6 294.0
594 103.6 327.0
595 79.5 175.0
596 92.8 289.0
597 115.2 252.0
598 92.2 278.0
599 95.6 303.0
600 74.0 213.0
601 82.0 259.0
602 111.8 284.0
603 119.6 301.0
604 106.8 320.0
605 112.1 394.0
606 61.4 218.0
607 161.4 375.0
608 167.2 404.0
609 130.2 348.0
610 111.3 344.0
611 106.8 274.0
612 163.2 322.0
613 137.1 323.0
614 62.1 140.0
615 100.2 292.0
616 106.8 288.0
617 66.1 141.0
618 104.6 340.0
619 81.7 265.0
620 81.4 169.0
621 107.9 254.0
622 57.1 106.0
623 47.0 85.0
624 76.3 218.0
625 63.6 114.0
626 94.2 336.0
627 80.8 221.0
628 75.6 135.0
629 93.8 213.0
630 88.0 352.0
631 96.6 280.0
632 168.8 387.0
633 80.1 294.0
634 141.5 339.0
635 81.0 216.0
636 123.7 269.0
637 116.6 291.0
638 80.8 236.0
639 112.0 299.0
640 70.4 132.0
641 148.4 334.0
642 128.7 229.0
643 113.7 310.0
644 155.9 387.0
645 81.5 197.0
646 86.6 217.0
647 55.9 106.0
648 124.6 326.0
649 100.4 339.0
650 73.6 125.0
651 71.1 157.0
652 128.5 374.0
653 124.2 282.0
654 94.1 334.0
655 80.0 297.0
656 72.3 197.0
657 91.1 348.0
658 86.4 255.0
659 103.5 274.0
660 89.4 181.0
661 73.3 200.0
662 141.4 369.0
663 97.9 163.0
664 99.2 229.0
665 127.7 270.0
666 129.2 244.0
667 95.9 218.0
668 128.2 289.0
669 83.0 226.0
670 109.9 242.0
671 116.1 268.0
672 75.8 135.0
673 112.6 250.0
674 120.3 354.0
675 72.6 209.0
676 153.0 258.0
677 107.5 299.0
678 62.0 131.0
679 70.6 276.0
680 126.8 296.0
681 133.4 245.0
682 89.4 190.0
683 103.2 240.0
684 102.0 343.0
685 74.6 264.0
686 92.5 217.0
687 125.7 316.0
688 127.4 234.0
689 102.3 293.0
690 61.1 169.0
691 163.7 319.0
692 157.0 362.0
693 118.3 371.0
694 150.7 326.0
695 89.9 174.0
696 75.6 174.0
697 95.9 247.0
698 80.3 240.0
699 141.5 411.0
700 218.1 330.0
701 95.9 358.0
702 163.5 360.0
703 78.0 263.0
704 87.9 258.0
705 127.8 292.0
706 74.5 218.0
707 112.9 262.0
708 85.4 271.0
709 123.3 276.0
710 123.5 360.0
711 140.2 256.0
712 136.6 278.0
713 144.0 227.0
714 152.6 323.0
715 74.1 164.0
716 91.1 206.0
717 131.4 353.0
718 105.9 225.0
719 133.2 351.0
720 100.0 216.0
721 66.1 217.0
722 77.8 206.0
723 82.4 359.0
724 117.9 285.0
725 125.0 355.0
726 165.2 323.0
727 97.9 251.0
728 148.1 364.0
729 82.6 157.0
730 112.4 353.0
731 166.9 352.0
732 133.6 213.0
733 145.8 287.0
734 111.7 187.0
735 150.6 328.0
736 125.0 269.0
737 171.0 360.0
738 105.3 316.0
739 102.8 292.0
740 129.6 291.0
741 104.2 333.0
742 205.2 336.0
743 153.0 376.0
744 163.1 296.0
745 148.1 367.0
746 143.9 366.0
747 154.9 361.0
748 142.4 294.0
749 213.3 375.0
750 207.7 348.0
751 80.5 263.0
752 108.6 338.0
753 98.0 303.0
754 146.9 329.0
755 81.0 279.0
756 144.7 307.0
757 90.0 306.0
758 195.5 410.0
759 177.5 380.0
760 88.6 295.0
761 177.6 319.0
762 156.3 342.0
763 141.2 301.0
764 122.8 377.0
765 118.9 272.0
766 172.9 384.0
767 143.3 344.0
768 169.2 367.0
769 116.0 202.0
770 168.3 372.0
771 111.9 331.0
772 140.5 337.0
773 130.5 302.0
774 94.2 260.0
775 145.2 316.0
776 115.1 223.0
777 122.0 324.0
778 138.1 314.0
779 147.7 314.0
780 187.5 342.0
781 120.9 237.0
782 56.8 144.0
783 135.6 316.0
784 171.1 352.0
785 105.2 182.0
786 97.0 366.0
787 101.7 290.0
788 103.5 319.0
789 136.3 268.0
790 187.3 381.0
791 174.3 363.0
792 127.2 260.0
793 154.4 388.0
794 130.0 369.0
795 87.6 198.0
796 185.7 370.0
797 139.1 351.0
798 155.5 382.0
799 102.4 298.0
800 163.0 348.0
801 100.9 373.0
802 131.3 341.0
803 211.2 392.0
804 180.1 385.0
805 139.6 308.0
806 128.2 267.0
807 177.9 339.0
808 148.4 355.0
809 147.7 398.0
810 140.9 361.0
811 118.7 357.0
812 87.7 256.0
813 123.6 280.0
814 108.1 244.0
815 135.5 275.0
816 127.9 285.0
817 76.2 242.0
818 112.1 331.0
819 133.3 379.0
820 117.2 367.0
821 151.4 384.0
822 74.6 126.0
823 134.2 363.0
824 125.2 230.0
825 124.8 334.0
826 96.8 304.0
827 159.6 406.0
828 75.4 356.0
829 36.0 54.0
830 186.9 351.0
831 160.7 425.0
832 150.4 375.0
833 121.5 312.0
834 119.5 329.0
835 129.8 257.0
836 150.9 338.0
837 108.1 370.0
838 67.5 129.0
839 165.2 330.0
840 89.8 234.0
841 148.8 362.0
842 129.5 279.0
843 101.5 310.0
844 122.5 355.0
845 123.3 334.0
846 93.0 363.0
847 227.6 355.0
848 130.3 333.0
849 132.4 273.0
850 114.1 336.0
851 116.2 236.0
852 161.8 329.0
853 94.4 367.0
854 98.4 291.0
855 116.9 346.0
856 141.6 375.0
857 163.5 283.0
858 122.5 358.0
859 102.9 296.0
860 83.9 216.0
861 125.5 358.0
862 141.3 319.0
863 168.1 305.0
864 167.9 331.0
865 165.2 357.0
866 124.7 326.0
867 89.3 365.0
868 89.4 256.0
869 128.3 370.0
870 140.6 358.0
871 119.5 319.0
872 162.8 388.0
873 172.2 339.0
874 211.7 368.0
875 207.0 366.0
876 152.5 341.0
877 200.6 341.0
878 155.9 323.0
879 99.8 348.0
880 131.3 386.0
881 82.8 342.0
882 84.2 261.0
883 171.2 343.0
884 114.4 304.0
885 66.4 288.0
886 141.7 363.0
887 81.2 283.0
888 172.7 311.0
889 128.5 323.0
890 136.5 333.0
891 105.1 364.0
892 132.5 287.0
893 83.9 346.0
894 96.6 246.0
895 127.1 385.0
896 104.2 277.0
897 102.8 263.0
898 134.7 315.0
899 166.8 387.0
900 147.2 286.0
901 179.5 330.0
902 157.4 333.0
903 217.4 374.0
904 129.0 322.0
905 136.5 369.0
906 175.7 353.0
907 222.1 419.0
908 89.8 294.0
909 166.8 334.0
910 149.4 395.0
911 149.3 414.0
912 199.3 402.0
913 68.3 137.0
914 117.1 236.0
915 137.7 387.0
916 210.3 363.0
917 90.9 234.0
918 35.8 84.0
919 119.0 297.0
920 140.9 326.0
921 95.8 240.0
922 132.5 378.0
923 204.6 373.0
924 147.5 300.0
925 115.7 324.0
926 109.0 298.0
927 101.9 320.0
928 93.6 294.0
929 93.9 338.0
930 104.6 333.0
931 205.6 367.0
932 29.4 114.0
933 122.0 364.0
934 134.3 425.0
935 99.3 343.0
936 142.4 301.0
937 86.1 159.0
938 145.7 341.0
939 159.0 308.0
940 69.1 141.0
941 171.0 338.0
942 122.7 317.0
943 172.3 309.0
944 136.1 237.0
945 92.6 225.0
946 126.0 378.0
947 175.4 369.0
948 82.3 287.0
949 23.8 59.0
950 104.8 258.0
951 101.8 233.0
952 107.4 278.0
953 107.4 351.0
954 85.7 278.0
955 130.7 370.0
956 125.2 355.0
957 93.6 245.0
958 127.6 347.0
959 131.0 317.0
960 98.7 281.0
961 109.2 299.0
962 133.8 413.0
963 41.4 126.0
964 158.7 342.0
965 116.2 258.0
966 113.4 207.0
967 161.1 381.0
968 111.2 224.0
969 113.6 256.0
970 118.4 252.0
971 119.2 268.0
972 145.8 315.0
973 94.8 240.0
974 116.2 316.0
975 37.2 74.0
976 59.7 193.0
977 70.9 188.0
978 117.3 387.0
979 132.2 381.0
980 103.5 342.0
981 129.9 258.0
982 191.6 401.0
983 168.9 299.0
984 192.3 361.0
985 143.8 303.0
986 176.8 390.0
987 147.7 278.0
988 132.1 323.0
989 105.9 338.0
990 93.1 277.0
991 197.9 403.0
992 86.7 285.0
993 154.3 353.0
994 125.3 372.0
995 139.4 319.0
996 173.9 349.0
997 102.8 301.0
998 80.0 182.0
999 165.0 374.0
